# Particle Data Generated with LDPM Mesh Generation Tool
# [n x y z d]
# Note: Node numbers are zero-indexed

# Number of Nodes: 1163
# Number of Aggregates: 489
0 0.0 34.076683044433594 20.595439910888672 0.0
1 0.0 35.41666793823242 14.583333015441895 0.0
2 0.0 29.169002532958984 18.752336502075195 0.0
3 0.0 16.759885787963867 26.331340789794922 0.0
4 0.0 15.203282356262207 20.945171356201172 0.0
5 0.0 11.707837104797363 25.040069580078125 0.0
6 0.0 27.77777862548828 50.0 0.0
7 0.0 25.0 44.98529815673828 0.0
8 0.0 22.22222137451172 50.0 0.0
9 0.0 50.0 22.22222137451172 0.0
10 0.0 44.55797576904297 24.0207576751709 0.0
11 0.0 50.0 27.77777862548828 0.0
12 0.0 5.424107074737549 24.268707275390625 0.0
13 0.0 0.0 22.22222137451172 0.0
14 0.0 0.0 27.77777862548828 0.0
15 0.0 22.22222137451172 0.0 0.0
16 0.0 25.0 4.926973342895508 0.0
17 0.0 27.77777862548828 0.0 0.0
18 0.0 13.685154914855957 29.83278465270996 0.0
19 0.0 29.531787872314453 12.834373474121094 0.0
20 0.0 32.74656295776367 8.659217834472656 0.0
21 0.0 36.3356819152832 45.26753616333008 0.0
22 0.0 33.33333206176758 50.0 0.0
23 0.0 38.88888931274414 50.0 0.0
24 0.0 50.0 33.33333206176758 0.0
25 0.0 45.23345947265625 36.430267333984375 0.0
26 0.0 50.0 38.88888931274414 0.0
27 0.0 0.0 38.88888931274414 0.0
28 0.0 4.739992618560791 36.37662124633789 0.0
29 0.0 0.0 33.33333206176758 0.0
30 0.0 33.33333206176758 0.0 0.0
31 0.0 36.47388458251953 4.888228893280029 0.0
32 0.0 38.88888931274414 0.0 0.0
33 0.0 50.0 11.11111068725586 0.0
34 0.0 45.310035705566406 13.767406463623047 0.0
35 0.0 50.0 16.66666603088379 0.0
36 0.0 16.66666603088379 50.0 0.0
37 0.0 13.727869033813477 45.26668930053711 0.0
38 0.0 11.11111068725586 50.0 0.0
39 0.0 11.11111068725586 0.0 0.0
40 0.0 13.573090553283691 4.765305042266846 0.0
41 0.0 16.66666603088379 0.0 0.0
42 0.0 0.0 16.66666603088379 0.0
43 0.0 4.689837455749512 13.767461776733398 0.0
44 0.0 0.0 11.11111068725586 0.0
45 0.0 29.612098693847656 23.932254791259766 0.0
46 0.0 26.2258243560791 29.7103214263916 0.0
47 0.0 28.86785125732422 33.73493576049805 0.0
48 0.0 32.12632369995117 28.29034423828125 0.0
49 0.0 24.80985450744629 24.91738510131836 0.0
50 0.0 50.0 50.0 0.0
51 0.0 45.2394905090332 45.2394905090332 0.0
52 0.0 44.44444274902344 50.0 0.0
53 0.0 50.0 44.44444274902344 0.0
54 0.0 50.0 0.0 0.0
55 0.0 45.2394905090332 4.760508060455322 0.0
56 0.0 50.0 5.55555534362793 0.0
57 0.0 44.44444274902344 0.0 0.0
58 0.0 0.0 50.0 0.0
59 0.0 4.427243709564209 45.572757720947266 0.0
60 0.0 0.0 44.44444274902344 0.0
61 0.0 5.55555534362793 50.0 0.0
62 0.0 0.0 5.55555534362793 0.0
63 0.0 4.760508060455322 4.760508060455322 0.0
64 0.0 0.0 0.0 0.0
65 0.0 5.55555534362793 0.0 0.0
66 0.0 39.65540313720703 36.04713439941406 0.0
67 0.0 41.639957427978516 41.639957427978516 0.0
68 0.0 42.19259262084961 32.44123840332031 0.0
69 0.0 37.22208023071289 30.260311126708984 0.0
70 0.0 35.41666793823242 35.41666793823242 0.0
71 0.0 37.274288177490234 10.052633285522461 0.0
72 0.0 41.639957427978516 8.360042572021484 0.0
73 0.0 10.073988914489746 36.77393341064453 0.0
74 0.0 8.360042572021484 41.639957427978516 0.0
75 0.0 7.621562957763672 32.06572723388672 0.0
76 0.0 12.880472183227539 10.062904357910156 0.0
77 0.0 8.360042572021484 8.360042572021484 0.0
78 0.0 17.5822696685791 7.798750400543213 0.0
79 0.0 14.462454795837402 15.254508972167969 0.0
80 0.0 19.647794723510742 12.796570777893066 0.0
81 0.0 36.227657318115234 40.0943717956543 0.0
82 0.0 32.671016693115234 42.273868560791016 0.0
83 0.0 13.924492835998535 39.931243896484375 0.0
84 0.0 17.773849487304688 42.267921447753906 0.0
85 0.0 14.583333015441895 35.41666793823242 0.0
86 0.0 19.90424156188965 37.282676696777344 0.0
87 0.0 40.236263275146484 14.261466026306152 0.0
88 0.0 42.57136917114258 18.05061149597168 0.0
89 0.0 9.7664155960083 14.37635326385498 0.0
90 0.0 7.4277544021606445 18.05099868774414 0.0
91 0.0 25.0 10.747354507446289 0.0
92 0.0 25.778953552246094 15.42977523803711 0.0
93 0.0 21.838773727416992 17.776756286621094 0.0
94 0.0 20.449996948242188 22.260482788085938 0.0
95 0.0 25.757957458496094 39.05769729614258 0.0
96 0.0 31.373476028442383 37.8624153137207 0.0
97 0.0 19.491073608398438 46.26422119140625 0.0
98 0.0 46.54580307006836 19.44444465637207 0.0
99 0.0 3.4541988372802734 19.44444465637207 0.0
100 0.0 19.470035552978516 3.736442804336548 0.0
101 0.0 45.930110931396484 30.392017364501953 0.0
102 0.0 3.874394178390503 30.4233341217041 0.0
103 0.0 30.524688720703125 45.994712829589844 0.0
104 0.0 30.5479679107666 4.392574787139893 0.0
105 0.0 25.170089721679688 20.59870147705078 0.0
106 0.0 17.376235961914062 32.10324478149414 0.0
107 0.0 21.790895462036133 32.202598571777344 0.0
108 0.0 35.05754089355469 24.948699951171875 0.0
109 0.0 39.47658920288086 25.404436111450195 0.0
110 0.0 21.235448837280273 27.920896530151367 0.0
111 0.0 46.42258071899414 41.328609466552734 0.0
112 0.0 41.3096923828125 46.42939758300781 0.0
113 0.0 3.5556793212890625 41.284202575683594 0.0
114 0.0 46.437896728515625 8.710925102233887 0.0
115 0.0 8.636364936828613 46.495880126953125 0.0
116 0.0 8.672061920166016 3.5771710872650146 0.0
117 0.0 3.562077760696411 8.710935592651367 0.0
118 0.0 41.33733367919922 3.6017558574676514 0.0
119 0.0 24.76163101196289 34.84242248535156 0.0
120 0.0 39.20526123046875 20.75476837158203 0.0
121 0.0 10.777931213378906 20.762205123901367 0.0
122 0.0 17.85980987548828 17.561870574951172 0.0
123 0.0 21.80991554260254 42.04376220703125 0.0
124 0.0 21.787294387817383 7.924829483032227 0.0
125 0.0 28.565263748168945 8.312098503112793 0.0
126 0.0 29.065427780151367 42.03479766845703 0.0
127 0.0 41.94532775878906 28.347320556640625 0.0
128 0.0 8.649765968322754 28.783954620361328 0.0
129 0.0 32.86201095581055 32.734554290771484 0.0
130 0.0 11.29833984375 32.933372497558594 0.0
131 50.0 29.169002532958984 18.752336502075195 0.0
132 50.0 35.41666793823242 14.583333015441895 0.0
133 50.0 34.076683044433594 20.595439910888672 0.0
134 50.0 11.707837104797363 25.040069580078125 0.0
135 50.0 15.203282356262207 20.945171356201172 0.0
136 50.0 16.759885787963867 26.331340789794922 0.0
137 50.0 22.22222137451172 50.0 0.0
138 50.0 25.0 44.98529815673828 0.0
139 50.0 27.77777862548828 50.0 0.0
140 50.0 50.0 27.77777862548828 0.0
141 50.0 44.55797576904297 24.0207576751709 0.0
142 50.0 50.0 22.22222137451172 0.0
143 50.0 0.0 22.22222137451172 0.0
144 50.0 5.424107074737549 24.268707275390625 0.0
145 50.0 0.0 27.77777862548828 0.0
146 50.0 25.0 4.926973342895508 0.0
147 50.0 22.22222137451172 0.0 0.0
148 50.0 27.77777862548828 0.0 0.0
149 50.0 13.685154914855957 29.83278465270996 0.0
150 50.0 29.531787872314453 12.834373474121094 0.0
151 50.0 32.74656295776367 8.659217834472656 0.0
152 50.0 33.33333206176758 50.0 0.0
153 50.0 36.3356819152832 45.26753616333008 0.0
154 50.0 38.88888931274414 50.0 0.0
155 50.0 50.0 38.88888931274414 0.0
156 50.0 45.23345947265625 36.430267333984375 0.0
157 50.0 50.0 33.33333206176758 0.0
158 50.0 0.0 33.33333206176758 0.0
159 50.0 4.739992618560791 36.37662124633789 0.0
160 50.0 0.0 38.88888931274414 0.0
161 50.0 38.88888931274414 0.0 0.0
162 50.0 36.47388458251953 4.888228893280029 0.0
163 50.0 33.33333206176758 0.0 0.0
164 50.0 50.0 16.66666603088379 0.0
165 50.0 45.310035705566406 13.767406463623047 0.0
166 50.0 50.0 11.11111068725586 0.0
167 50.0 11.11111068725586 50.0 0.0
168 50.0 13.727869033813477 45.26668930053711 0.0
169 50.0 16.66666603088379 50.0 0.0
170 50.0 16.66666603088379 0.0 0.0
171 50.0 13.573090553283691 4.765305042266846 0.0
172 50.0 11.11111068725586 0.0 0.0
173 50.0 0.0 11.11111068725586 0.0
174 50.0 4.689837455749512 13.767461776733398 0.0
175 50.0 0.0 16.66666603088379 0.0
176 50.0 29.612098693847656 23.932254791259766 0.0
177 50.0 32.12632369995117 28.29034423828125 0.0
178 50.0 28.86785125732422 33.73493576049805 0.0
179 50.0 26.2258243560791 29.7103214263916 0.0
180 50.0 24.80985450744629 24.91738510131836 0.0
181 50.0 45.2394905090332 45.2394905090332 0.0
182 50.0 50.0 50.0 0.0
183 50.0 44.44444274902344 50.0 0.0
184 50.0 50.0 44.44444274902344 0.0
185 50.0 45.2394905090332 4.760508060455322 0.0
186 50.0 50.0 0.0 0.0
187 50.0 50.0 5.55555534362793 0.0
188 50.0 44.44444274902344 0.0 0.0
189 50.0 0.0 44.44444274902344 0.0
190 50.0 4.427243709564209 45.572757720947266 0.0
191 50.0 0.0 50.0 0.0
192 50.0 5.55555534362793 50.0 0.0
193 50.0 0.0 0.0 0.0
194 50.0 4.760508060455322 4.760508060455322 0.0
195 50.0 0.0 5.55555534362793 0.0
196 50.0 5.55555534362793 0.0 0.0
197 50.0 41.639957427978516 41.639957427978516 0.0
198 50.0 39.65540313720703 36.04713439941406 0.0
199 50.0 42.19259262084961 32.44123840332031 0.0
200 50.0 35.41666793823242 35.41666793823242 0.0
201 50.0 37.22208023071289 30.260311126708984 0.0
202 50.0 37.274288177490234 10.052633285522461 0.0
203 50.0 41.639957427978516 8.360042572021484 0.0
204 50.0 8.360042572021484 41.639957427978516 0.0
205 50.0 10.073988914489746 36.77393341064453 0.0
206 50.0 7.621562957763672 32.06572723388672 0.0
207 50.0 8.360042572021484 8.360042572021484 0.0
208 50.0 12.880472183227539 10.062904357910156 0.0
209 50.0 17.5822696685791 7.798750400543213 0.0
210 50.0 19.647794723510742 12.796570777893066 0.0
211 50.0 14.462454795837402 15.254508972167969 0.0
212 50.0 36.227657318115234 40.0943717956543 0.0
213 50.0 32.671016693115234 42.273868560791016 0.0
214 50.0 13.924492835998535 39.931243896484375 0.0
215 50.0 17.773849487304688 42.267921447753906 0.0
216 50.0 14.583333015441895 35.41666793823242 0.0
217 50.0 19.90424156188965 37.282676696777344 0.0
218 50.0 40.236263275146484 14.261466026306152 0.0
219 50.0 42.57136917114258 18.05061149597168 0.0
220 50.0 9.7664155960083 14.37635326385498 0.0
221 50.0 7.4277544021606445 18.05099868774414 0.0
222 50.0 25.778953552246094 15.42977523803711 0.0
223 50.0 25.0 10.747354507446289 0.0
224 50.0 21.838773727416992 17.776756286621094 0.0
225 50.0 20.449996948242188 22.260482788085938 0.0
226 50.0 31.373476028442383 37.8624153137207 0.0
227 50.0 25.757957458496094 39.05769729614258 0.0
228 50.0 19.491073608398438 46.26422119140625 0.0
229 50.0 46.54580307006836 19.44444465637207 0.0
230 50.0 3.4541988372802734 19.44444465637207 0.0
231 50.0 19.470035552978516 3.736442804336548 0.0
232 50.0 45.930110931396484 30.392017364501953 0.0
233 50.0 3.874394178390503 30.4233341217041 0.0
234 50.0 30.524688720703125 45.994712829589844 0.0
235 50.0 30.5479679107666 4.392574787139893 0.0
236 50.0 25.170089721679688 20.59870147705078 0.0
237 50.0 17.376235961914062 32.10324478149414 0.0
238 50.0 21.790895462036133 32.202598571777344 0.0
239 50.0 39.47658920288086 25.404436111450195 0.0
240 50.0 35.05754089355469 24.948699951171875 0.0
241 50.0 21.235448837280273 27.920896530151367 0.0
242 50.0 46.42258071899414 41.328609466552734 0.0
243 50.0 41.3096923828125 46.42939758300781 0.0
244 50.0 3.5556793212890625 41.284202575683594 0.0
245 50.0 46.437896728515625 8.710925102233887 0.0
246 50.0 8.636364936828613 46.495880126953125 0.0
247 50.0 8.672061920166016 3.5771710872650146 0.0
248 50.0 3.562077760696411 8.710935592651367 0.0
249 50.0 41.33733367919922 3.6017558574676514 0.0
250 50.0 24.76163101196289 34.84242248535156 0.0
251 50.0 39.20526123046875 20.75476837158203 0.0
252 50.0 10.777931213378906 20.762205123901367 0.0
253 50.0 17.85980987548828 17.561870574951172 0.0
254 50.0 21.80991554260254 42.04376220703125 0.0
255 50.0 21.787294387817383 7.924829483032227 0.0
256 50.0 28.565263748168945 8.312098503112793 0.0
257 50.0 29.065427780151367 42.03479766845703 0.0
258 50.0 41.94532775878906 28.347320556640625 0.0
259 50.0 8.649765968322754 28.783954620361328 0.0
260 50.0 32.86201095581055 32.734554290771484 0.0
261 50.0 11.29833984375 32.933372497558594 0.0
262 20.595439910888672 0.0 34.076683044433594 0.0
263 14.583333015441895 0.0 35.41666793823242 0.0
264 18.752336502075195 0.0 29.169002532958984 0.0
265 25.040069580078125 0.0 11.707837104797363 0.0
266 26.331340789794922 0.0 16.759885787963867 0.0
267 20.945171356201172 0.0 15.203282356262207 0.0
268 44.98529815673828 0.0 25.0 0.0
269 24.0207576751709 0.0 44.55797576904297 0.0
270 27.77777862548828 0.0 50.0 0.0
271 22.22222137451172 0.0 50.0 0.0
272 24.268707275390625 0.0 5.424107074737549 0.0
273 22.22222137451172 0.0 0.0 0.0
274 27.77777862548828 0.0 0.0 0.0
275 4.926973342895508 0.0 25.0 0.0
276 29.83278465270996 0.0 13.685154914855957 0.0
277 12.834373474121094 0.0 29.531787872314453 0.0
278 8.659217834472656 0.0 32.74656295776367 0.0
279 45.26753616333008 0.0 36.3356819152832 0.0
280 36.430267333984375 0.0 45.23345947265625 0.0
281 38.88888931274414 0.0 50.0 0.0
282 33.33333206176758 0.0 50.0 0.0
283 36.37662124633789 0.0 4.739992618560791 0.0
284 33.33333206176758 0.0 0.0 0.0
285 38.88888931274414 0.0 0.0 0.0
286 4.888228893280029 0.0 36.47388458251953 0.0
287 11.11111068725586 0.0 50.0 0.0
288 13.767406463623047 0.0 45.310035705566406 0.0
289 16.66666603088379 0.0 50.0 0.0
290 45.26668930053711 0.0 13.727869033813477 0.0
291 4.765305042266846 0.0 13.573090553283691 0.0
292 13.767461776733398 0.0 4.689837455749512 0.0
293 11.11111068725586 0.0 0.0 0.0
294 16.66666603088379 0.0 0.0 0.0
295 23.932254791259766 0.0 29.612098693847656 0.0
296 33.73493576049805 0.0 28.86785125732422 0.0
297 28.29034423828125 0.0 32.12632369995117 0.0
298 29.7103214263916 0.0 26.2258243560791 0.0
299 24.91738510131836 0.0 24.80985450744629 0.0
300 45.2394905090332 0.0 45.2394905090332 0.0
301 44.44444274902344 0.0 50.0 0.0
302 4.760508060455322 0.0 45.2394905090332 0.0
303 5.55555534362793 0.0 50.0 0.0
304 45.572757720947266 0.0 4.427243709564209 0.0
305 44.44444274902344 0.0 0.0 0.0
306 4.760508060455322 0.0 4.760508060455322 0.0
307 5.55555534362793 0.0 0.0 0.0
308 36.04713439941406 0.0 39.65540313720703 0.0
309 41.639957427978516 0.0 41.639957427978516 0.0
310 32.44123840332031 0.0 42.19259262084961 0.0
311 35.41666793823242 0.0 35.41666793823242 0.0
312 30.260311126708984 0.0 37.22208023071289 0.0
313 10.052633285522461 0.0 37.274288177490234 0.0
314 8.360042572021484 0.0 41.639957427978516 0.0
315 36.77393341064453 0.0 10.073988914489746 0.0
316 41.639957427978516 0.0 8.360042572021484 0.0
317 32.06572723388672 0.0 7.621562957763672 0.0
318 8.360042572021484 0.0 8.360042572021484 0.0
319 10.062904357910156 0.0 12.880472183227539 0.0
320 7.798750400543213 0.0 17.5822696685791 0.0
321 15.254508972167969 0.0 14.462454795837402 0.0
322 12.796570777893066 0.0 19.647794723510742 0.0
323 40.0943717956543 0.0 36.227657318115234 0.0
324 42.273868560791016 0.0 32.671016693115234 0.0
325 39.931243896484375 0.0 13.924492835998535 0.0
326 42.267921447753906 0.0 17.773849487304688 0.0
327 37.282676696777344 0.0 19.90424156188965 0.0
328 35.41666793823242 0.0 14.583333015441895 0.0
329 14.261466026306152 0.0 40.236263275146484 0.0
330 18.05061149597168 0.0 42.57136917114258 0.0
331 14.37635326385498 0.0 9.7664155960083 0.0
332 18.05099868774414 0.0 7.4277544021606445 0.0
333 15.42977523803711 0.0 25.778953552246094 0.0
334 10.747354507446289 0.0 25.0 0.0
335 17.776756286621094 0.0 21.838773727416992 0.0
336 22.260482788085938 0.0 20.449996948242188 0.0
337 39.05769729614258 0.0 25.757957458496094 0.0
338 37.8624153137207 0.0 31.373476028442383 0.0
339 46.26422119140625 0.0 19.491073608398438 0.0
340 19.44444465637207 0.0 46.54580307006836 0.0
341 3.736442804336548 0.0 19.470035552978516 0.0
342 19.44444465637207 0.0 3.4541988372802734 0.0
343 30.392017364501953 0.0 45.930110931396484 0.0
344 45.994712829589844 0.0 30.524688720703125 0.0
345 30.4233341217041 0.0 3.874394178390503 0.0
346 4.392574787139893 0.0 30.5479679107666 0.0
347 20.59870147705078 0.0 25.170089721679688 0.0
348 32.10324478149414 0.0 17.376235961914062 0.0
349 32.202598571777344 0.0 21.790895462036133 0.0
350 25.404436111450195 0.0 39.47658920288086 0.0
351 24.948699951171875 0.0 35.05754089355469 0.0
352 27.920896530151367 0.0 21.235448837280273 0.0
353 41.328609466552734 0.0 46.42258071899414 0.0
354 46.42939758300781 0.0 41.3096923828125 0.0
355 41.284202575683594 0.0 3.5556793212890625 0.0
356 8.710925102233887 0.0 46.437896728515625 0.0
357 46.495880126953125 0.0 8.636364936828613 0.0
358 3.5771710872650146 0.0 8.672061920166016 0.0
359 8.710935592651367 0.0 3.562077760696411 0.0
360 3.6017558574676514 0.0 41.33733367919922 0.0
361 34.84242248535156 0.0 24.76163101196289 0.0
362 20.75476837158203 0.0 39.20526123046875 0.0
363 20.762205123901367 0.0 10.777931213378906 0.0
364 17.561870574951172 0.0 17.85980987548828 0.0
365 42.04376220703125 0.0 21.80991554260254 0.0
366 7.924829483032227 0.0 21.787294387817383 0.0
367 8.312098503112793 0.0 28.565263748168945 0.0
368 42.03479766845703 0.0 29.065427780151367 0.0
369 28.347320556640625 0.0 41.94532775878906 0.0
370 28.783954620361328 0.0 8.649765968322754 0.0
371 32.734554290771484 0.0 32.86201095581055 0.0
372 32.933372497558594 0.0 11.29833984375 0.0
373 20.595439910888672 50.0 34.076683044433594 0.0
374 18.752336502075195 50.0 29.169002532958984 0.0
375 14.583333015441895 50.0 35.41666793823242 0.0
376 20.945171356201172 50.0 15.203282356262207 0.0
377 26.331340789794922 50.0 16.759885787963867 0.0
378 25.040069580078125 50.0 11.707837104797363 0.0
379 44.98529815673828 50.0 25.0 0.0
380 22.22222137451172 50.0 50.0 0.0
381 27.77777862548828 50.0 50.0 0.0
382 24.0207576751709 50.0 44.55797576904297 0.0
383 27.77777862548828 50.0 0.0 0.0
384 22.22222137451172 50.0 0.0 0.0
385 24.268707275390625 50.0 5.424107074737549 0.0
386 4.926973342895508 50.0 25.0 0.0
387 29.83278465270996 50.0 13.685154914855957 0.0
388 12.834373474121094 50.0 29.531787872314453 0.0
389 8.659217834472656 50.0 32.74656295776367 0.0
390 45.26753616333008 50.0 36.3356819152832 0.0
391 33.33333206176758 50.0 50.0 0.0
392 38.88888931274414 50.0 50.0 0.0
393 36.430267333984375 50.0 45.23345947265625 0.0
394 33.33333206176758 50.0 0.0 0.0
395 36.37662124633789 50.0 4.739992618560791 0.0
396 38.88888931274414 50.0 0.0 0.0
397 4.888228893280029 50.0 36.47388458251953 0.0
398 16.66666603088379 50.0 50.0 0.0
399 13.767406463623047 50.0 45.310035705566406 0.0
400 11.11111068725586 50.0 50.0 0.0
401 45.26668930053711 50.0 13.727869033813477 0.0
402 4.765305042266846 50.0 13.573090553283691 0.0
403 16.66666603088379 50.0 0.0 0.0
404 11.11111068725586 50.0 0.0 0.0
405 13.767461776733398 50.0 4.689837455749512 0.0
406 23.932254791259766 50.0 29.612098693847656 0.0
407 33.73493576049805 50.0 28.86785125732422 0.0
408 29.7103214263916 50.0 26.2258243560791 0.0
409 28.29034423828125 50.0 32.12632369995117 0.0
410 24.91738510131836 50.0 24.80985450744629 0.0
411 45.2394905090332 50.0 45.2394905090332 0.0
412 44.44444274902344 50.0 50.0 0.0
413 4.760508060455322 50.0 45.2394905090332 0.0
414 5.55555534362793 50.0 50.0 0.0
415 45.572757720947266 50.0 4.427243709564209 0.0
416 44.44444274902344 50.0 0.0 0.0
417 4.760508060455322 50.0 4.760508060455322 0.0
418 5.55555534362793 50.0 0.0 0.0
419 36.04713439941406 50.0 39.65540313720703 0.0
420 41.639957427978516 50.0 41.639957427978516 0.0
421 32.44123840332031 50.0 42.19259262084961 0.0
422 35.41666793823242 50.0 35.41666793823242 0.0
423 30.260311126708984 50.0 37.22208023071289 0.0
424 10.052633285522461 50.0 37.274288177490234 0.0
425 8.360042572021484 50.0 41.639957427978516 0.0
426 36.77393341064453 50.0 10.073988914489746 0.0
427 41.639957427978516 50.0 8.360042572021484 0.0
428 32.06572723388672 50.0 7.621562957763672 0.0
429 10.062904357910156 50.0 12.880472183227539 0.0
430 8.360042572021484 50.0 8.360042572021484 0.0
431 7.798750400543213 50.0 17.5822696685791 0.0
432 12.796570777893066 50.0 19.647794723510742 0.0
433 15.254508972167969 50.0 14.462454795837402 0.0
434 40.0943717956543 50.0 36.227657318115234 0.0
435 42.273868560791016 50.0 32.671016693115234 0.0
436 39.931243896484375 50.0 13.924492835998535 0.0
437 42.267921447753906 50.0 17.773849487304688 0.0
438 35.41666793823242 50.0 14.583333015441895 0.0
439 37.282676696777344 50.0 19.90424156188965 0.0
440 14.261466026306152 50.0 40.236263275146484 0.0
441 18.05061149597168 50.0 42.57136917114258 0.0
442 14.37635326385498 50.0 9.7664155960083 0.0
443 18.05099868774414 50.0 7.4277544021606445 0.0
444 10.747354507446289 50.0 25.0 0.0
445 15.42977523803711 50.0 25.778953552246094 0.0
446 17.776756286621094 50.0 21.838773727416992 0.0
447 22.260482788085938 50.0 20.449996948242188 0.0
448 37.8624153137207 50.0 31.373476028442383 0.0
449 39.05769729614258 50.0 25.757957458496094 0.0
450 46.26422119140625 50.0 19.491073608398438 0.0
451 19.44444465637207 50.0 46.54580307006836 0.0
452 3.736442804336548 50.0 19.470035552978516 0.0
453 19.44444465637207 50.0 3.4541988372802734 0.0
454 30.392017364501953 50.0 45.930110931396484 0.0
455 45.994712829589844 50.0 30.524688720703125 0.0
456 30.4233341217041 50.0 3.874394178390503 0.0
457 4.392574787139893 50.0 30.5479679107666 0.0
458 20.59870147705078 50.0 25.170089721679688 0.0
459 32.10324478149414 50.0 17.376235961914062 0.0
460 32.202598571777344 50.0 21.790895462036133 0.0
461 25.404436111450195 50.0 39.47658920288086 0.0
462 24.948699951171875 50.0 35.05754089355469 0.0
463 27.920896530151367 50.0 21.235448837280273 0.0
464 41.328609466552734 50.0 46.42258071899414 0.0
465 46.42939758300781 50.0 41.3096923828125 0.0
466 41.284202575683594 50.0 3.5556793212890625 0.0
467 8.710925102233887 50.0 46.437896728515625 0.0
468 46.495880126953125 50.0 8.636364936828613 0.0
469 3.5771710872650146 50.0 8.672061920166016 0.0
470 8.710935592651367 50.0 3.562077760696411 0.0
471 3.6017558574676514 50.0 41.33733367919922 0.0
472 34.84242248535156 50.0 24.76163101196289 0.0
473 20.75476837158203 50.0 39.20526123046875 0.0
474 20.762205123901367 50.0 10.777931213378906 0.0
475 17.561870574951172 50.0 17.85980987548828 0.0
476 42.04376220703125 50.0 21.80991554260254 0.0
477 7.924829483032227 50.0 21.787294387817383 0.0
478 8.312098503112793 50.0 28.565263748168945 0.0
479 42.03479766845703 50.0 29.065427780151367 0.0
480 28.347320556640625 50.0 41.94532775878906 0.0
481 28.783954620361328 50.0 8.649765968322754 0.0
482 32.734554290771484 50.0 32.86201095581055 0.0
483 32.933372497558594 50.0 11.29833984375 0.0
484 35.41666793823242 14.583333015441895 0.0 0.0
485 29.169002532958984 18.752336502075195 0.0 0.0
486 34.076683044433594 20.595439910888672 0.0 0.0
487 16.759885787963867 26.331340789794922 0.0 0.0
488 15.203282356262207 20.945171356201172 0.0 0.0
489 11.707837104797363 25.040069580078125 0.0 0.0
490 44.55797576904297 24.0207576751709 0.0 0.0
491 25.0 44.98529815673828 0.0 0.0
492 5.424107074737549 24.268707275390625 0.0 0.0
493 25.0 4.926973342895508 0.0 0.0
494 13.685154914855957 29.83278465270996 0.0 0.0
495 32.74656295776367 8.659217834472656 0.0 0.0
496 29.531787872314453 12.834373474121094 0.0 0.0
497 36.3356819152832 45.26753616333008 0.0 0.0
498 45.23345947265625 36.430267333984375 0.0 0.0
499 4.739992618560791 36.37662124633789 0.0 0.0
500 36.47388458251953 4.888228893280029 0.0 0.0
501 45.310035705566406 13.767406463623047 0.0 0.0
502 13.727869033813477 45.26668930053711 0.0 0.0
503 13.573090553283691 4.765305042266846 0.0 0.0
504 4.689837455749512 13.767461776733398 0.0 0.0
505 29.612098693847656 23.932254791259766 0.0 0.0
506 26.2258243560791 29.7103214263916 0.0 0.0
507 28.86785125732422 33.73493576049805 0.0 0.0
508 32.12632369995117 28.29034423828125 0.0 0.0
509 24.80985450744629 24.91738510131836 0.0 0.0
510 45.2394905090332 45.2394905090332 0.0 0.0
511 45.2394905090332 4.760508060455322 0.0 0.0
512 4.427243709564209 45.572757720947266 0.0 0.0
513 4.760508060455322 4.760508060455322 0.0 0.0
514 39.65540313720703 36.04713439941406 0.0 0.0
515 41.639957427978516 41.639957427978516 0.0 0.0
516 42.19259262084961 32.44123840332031 0.0 0.0
517 37.22208023071289 30.260311126708984 0.0 0.0
518 35.41666793823242 35.41666793823242 0.0 0.0
519 37.274288177490234 10.052633285522461 0.0 0.0
520 41.639957427978516 8.360042572021484 0.0 0.0
521 10.073988914489746 36.77393341064453 0.0 0.0
522 8.360042572021484 41.639957427978516 0.0 0.0
523 7.621562957763672 32.06572723388672 0.0 0.0
524 8.360042572021484 8.360042572021484 0.0 0.0
525 12.880472183227539 10.062904357910156 0.0 0.0
526 17.5822696685791 7.798750400543213 0.0 0.0
527 19.647794723510742 12.796570777893066 0.0 0.0
528 14.462454795837402 15.254508972167969 0.0 0.0
529 36.227657318115234 40.0943717956543 0.0 0.0
530 32.671016693115234 42.273868560791016 0.0 0.0
531 13.924492835998535 39.931243896484375 0.0 0.0
532 17.773849487304688 42.267921447753906 0.0 0.0
533 19.90424156188965 37.282676696777344 0.0 0.0
534 14.583333015441895 35.41666793823242 0.0 0.0
535 40.236263275146484 14.261466026306152 0.0 0.0
536 42.57136917114258 18.05061149597168 0.0 0.0
537 9.7664155960083 14.37635326385498 0.0 0.0
538 7.4277544021606445 18.05099868774414 0.0 0.0
539 25.0 10.747354507446289 0.0 0.0
540 25.778953552246094 15.42977523803711 0.0 0.0
541 21.838773727416992 17.776756286621094 0.0 0.0
542 20.449996948242188 22.260482788085938 0.0 0.0
543 25.757957458496094 39.05769729614258 0.0 0.0
544 31.373476028442383 37.8624153137207 0.0 0.0
545 46.54580307006836 19.44444465637207 0.0 0.0
546 19.491073608398438 46.26422119140625 0.0 0.0
547 3.4541988372802734 19.44444465637207 0.0 0.0
548 19.470035552978516 3.736442804336548 0.0 0.0
549 45.930110931396484 30.392017364501953 0.0 0.0
550 3.874394178390503 30.4233341217041 0.0 0.0
551 30.524688720703125 45.994712829589844 0.0 0.0
552 30.5479679107666 4.392574787139893 0.0 0.0
553 25.170089721679688 20.59870147705078 0.0 0.0
554 17.376235961914062 32.10324478149414 0.0 0.0
555 21.790895462036133 32.202598571777344 0.0 0.0
556 39.47658920288086 25.404436111450195 0.0 0.0
557 35.05754089355469 24.948699951171875 0.0 0.0
558 21.235448837280273 27.920896530151367 0.0 0.0
559 46.42258071899414 41.328609466552734 0.0 0.0
560 41.3096923828125 46.42939758300781 0.0 0.0
561 3.5556793212890625 41.284202575683594 0.0 0.0
562 46.437896728515625 8.710925102233887 0.0 0.0
563 8.636364936828613 46.495880126953125 0.0 0.0
564 8.672061920166016 3.5771710872650146 0.0 0.0
565 3.562077760696411 8.710935592651367 0.0 0.0
566 41.33733367919922 3.6017558574676514 0.0 0.0
567 24.76163101196289 34.84242248535156 0.0 0.0
568 39.20526123046875 20.75476837158203 0.0 0.0
569 10.777931213378906 20.762205123901367 0.0 0.0
570 17.85980987548828 17.561870574951172 0.0 0.0
571 21.80991554260254 42.04376220703125 0.0 0.0
572 21.787294387817383 7.924829483032227 0.0 0.0
573 28.565263748168945 8.312098503112793 0.0 0.0
574 29.065427780151367 42.03479766845703 0.0 0.0
575 41.94532775878906 28.347320556640625 0.0 0.0
576 8.649765968322754 28.783954620361328 0.0 0.0
577 32.86201095581055 32.734554290771484 0.0 0.0
578 11.29833984375 32.933372497558594 0.0 0.0
579 29.169002532958984 18.752336502075195 50.0 0.0
580 35.41666793823242 14.583333015441895 50.0 0.0
581 34.076683044433594 20.595439910888672 50.0 0.0
582 16.759885787963867 26.331340789794922 50.0 0.0
583 11.707837104797363 25.040069580078125 50.0 0.0
584 15.203282356262207 20.945171356201172 50.0 0.0
585 44.55797576904297 24.0207576751709 50.0 0.0
586 25.0 44.98529815673828 50.0 0.0
587 5.424107074737549 24.268707275390625 50.0 0.0
588 25.0 4.926973342895508 50.0 0.0
589 13.685154914855957 29.83278465270996 50.0 0.0
590 32.74656295776367 8.659217834472656 50.0 0.0
591 29.531787872314453 12.834373474121094 50.0 0.0
592 36.3356819152832 45.26753616333008 50.0 0.0
593 45.23345947265625 36.430267333984375 50.0 0.0
594 4.739992618560791 36.37662124633789 50.0 0.0
595 36.47388458251953 4.888228893280029 50.0 0.0
596 45.310035705566406 13.767406463623047 50.0 0.0
597 13.727869033813477 45.26668930053711 50.0 0.0
598 13.573090553283691 4.765305042266846 50.0 0.0
599 4.689837455749512 13.767461776733398 50.0 0.0
600 29.612098693847656 23.932254791259766 50.0 0.0
601 32.12632369995117 28.29034423828125 50.0 0.0
602 28.86785125732422 33.73493576049805 50.0 0.0
603 26.2258243560791 29.7103214263916 50.0 0.0
604 24.80985450744629 24.91738510131836 50.0 0.0
605 45.2394905090332 45.2394905090332 50.0 0.0
606 45.2394905090332 4.760508060455322 50.0 0.0
607 4.427243709564209 45.572757720947266 50.0 0.0
608 4.760508060455322 4.760508060455322 50.0 0.0
609 41.639957427978516 41.639957427978516 50.0 0.0
610 39.65540313720703 36.04713439941406 50.0 0.0
611 42.19259262084961 32.44123840332031 50.0 0.0
612 37.22208023071289 30.260311126708984 50.0 0.0
613 35.41666793823242 35.41666793823242 50.0 0.0
614 37.274288177490234 10.052633285522461 50.0 0.0
615 41.639957427978516 8.360042572021484 50.0 0.0
616 8.360042572021484 41.639957427978516 50.0 0.0
617 10.073988914489746 36.77393341064453 50.0 0.0
618 7.621562957763672 32.06572723388672 50.0 0.0
619 12.880472183227539 10.062904357910156 50.0 0.0
620 8.360042572021484 8.360042572021484 50.0 0.0
621 17.5822696685791 7.798750400543213 50.0 0.0
622 19.647794723510742 12.796570777893066 50.0 0.0
623 14.462454795837402 15.254508972167969 50.0 0.0
624 36.227657318115234 40.0943717956543 50.0 0.0
625 32.671016693115234 42.273868560791016 50.0 0.0
626 13.924492835998535 39.931243896484375 50.0 0.0
627 17.773849487304688 42.267921447753906 50.0 0.0
628 14.583333015441895 35.41666793823242 50.0 0.0
629 19.90424156188965 37.282676696777344 50.0 0.0
630 40.236263275146484 14.261466026306152 50.0 0.0
631 42.57136917114258 18.05061149597168 50.0 0.0
632 9.7664155960083 14.37635326385498 50.0 0.0
633 7.4277544021606445 18.05099868774414 50.0 0.0
634 25.0 10.747354507446289 50.0 0.0
635 25.778953552246094 15.42977523803711 50.0 0.0
636 21.838773727416992 17.776756286621094 50.0 0.0
637 20.449996948242188 22.260482788085938 50.0 0.0
638 25.757957458496094 39.05769729614258 50.0 0.0
639 31.373476028442383 37.8624153137207 50.0 0.0
640 46.54580307006836 19.44444465637207 50.0 0.0
641 19.491073608398438 46.26422119140625 50.0 0.0
642 3.4541988372802734 19.44444465637207 50.0 0.0
643 19.470035552978516 3.736442804336548 50.0 0.0
644 45.930110931396484 30.392017364501953 50.0 0.0
645 3.874394178390503 30.4233341217041 50.0 0.0
646 30.524688720703125 45.994712829589844 50.0 0.0
647 30.5479679107666 4.392574787139893 50.0 0.0
648 25.170089721679688 20.59870147705078 50.0 0.0
649 17.376235961914062 32.10324478149414 50.0 0.0
650 21.790895462036133 32.202598571777344 50.0 0.0
651 39.47658920288086 25.404436111450195 50.0 0.0
652 35.05754089355469 24.948699951171875 50.0 0.0
653 21.235448837280273 27.920896530151367 50.0 0.0
654 46.42258071899414 41.328609466552734 50.0 0.0
655 41.3096923828125 46.42939758300781 50.0 0.0
656 3.5556793212890625 41.284202575683594 50.0 0.0
657 46.437896728515625 8.710925102233887 50.0 0.0
658 8.636364936828613 46.495880126953125 50.0 0.0
659 8.672061920166016 3.5771710872650146 50.0 0.0
660 3.562077760696411 8.710935592651367 50.0 0.0
661 41.33733367919922 3.6017558574676514 50.0 0.0
662 24.76163101196289 34.84242248535156 50.0 0.0
663 39.20526123046875 20.75476837158203 50.0 0.0
664 10.777931213378906 20.762205123901367 50.0 0.0
665 17.85980987548828 17.561870574951172 50.0 0.0
666 21.80991554260254 42.04376220703125 50.0 0.0
667 21.787294387817383 7.924829483032227 50.0 0.0
668 28.565263748168945 8.312098503112793 50.0 0.0
669 29.065427780151367 42.03479766845703 50.0 0.0
670 41.94532775878906 28.347320556640625 50.0 0.0
671 8.649765968322754 28.783954620361328 50.0 0.0
672 32.86201095581055 32.734554290771484 50.0 0.0
673 11.29833984375 32.933372497558594 50.0 0.0
674 18.47982952818607 5.1825971038727205 43.43581211709153 5.989898183457828
675 9.383106098258656 7.434775030419949 41.62911138080353 5.986420925794879
676 30.0703981343819 17.049798900351146 34.53920575381376 5.932104366015876
677 4.746914291821932 18.11226514754337 35.97120702686001 5.9208064085957846
678 12.80934845682803 44.35402968319724 12.234309444259024 5.881423325711256
679 44.84460740011183 18.461669515924438 39.190530496439145 5.867336024605792
680 14.144844930203599 22.788314227945744 43.29467094080001 5.863909108151027
681 26.011224862747447 25.59314328519423 9.498734236540509 5.842130934288958
682 8.057538852423079 38.70458378930459 34.4965072798753 5.829013449950079
683 36.801874923541945 6.507991572531939 17.079906897694006 5.812112975484307
684 34.82737839833419 15.76692512220606 25.239571670585576 5.803158903623185
685 20.207754433214873 34.633556409059594 39.66313218333131 5.8001181835757345
686 16.198570166753377 35.471678774646804 7.813493967372159 5.791258259175615
687 40.81253101273599 11.650433917675326 28.670576409465383 5.775083482465413
688 39.232465097930096 27.959107799135886 33.138301217270524 5.69783847609461
689 5.96008813009506 32.72947527946016 26.84300326709428 5.679141248979707
690 34.721365638881906 35.98872871106456 35.17115388958127 5.66334104656239
691 11.953982113867974 44.94718277791221 4.999244140952936 5.656667094133007
692 8.266696877037685 26.40500108829984 22.38665928616129 5.643299192126129
693 14.846034271175514 11.524010260504642 23.77346366110979 5.607947924629666
694 37.0015568062123 13.756745854446683 15.838052300530386 5.578073596131169
695 25.891867008961604 13.969109514079406 13.294299826059053 5.526914718014521
696 19.267657161356563 20.569856570534554 23.241373337586356 5.486270995051135
697 7.110079905587652 23.074776795218988 27.704324917165813 5.449952268097725
698 41.74333215362782 27.999457684767293 24.02447433860314 5.444902100507516
699 36.00689644083192 43.30506414815992 34.69666584873256 5.44335971288503
700 34.20131433063798 19.827997337838326 45.11638858726394 5.335350165752217
701 22.386253893715345 41.93713188383667 22.326011823790758 5.3210488783945245
702 9.062102837513894 28.429964489487574 15.590982816519658 5.310768706707043
703 41.62967322333671 38.6508981667453 35.362441714683214 5.306485309071155
704 37.4502531438638 46.03467993920439 28.371520232862917 5.2859299101443895
705 32.590931457519325 34.12797023160841 6.417363447255459 5.280788531282575
706 22.23335630956277 11.087480484601521 38.66285463557806 5.268303005570079
707 14.602537932106719 26.761390887706334 25.801872010646 5.264882396123989
708 25.45490134296365 23.289459960760723 28.92643270157749 5.252455347249953
709 23.026730895047265 33.54325159985537 9.098645184373229 5.2051798167440015
710 15.308073509225078 45.68326193243515 18.590891287719174 5.204755006245563
711 16.782105842904127 31.13645526140593 33.65168342168297 5.198719477334566
712 15.063973844590539 27.982721578668386 38.26912977082546 5.192253634378204
713 37.03841060002782 34.14347230374118 46.06138713739112 5.178432648941696
714 34.45957342217207 17.314152511860865 39.228110989897395 5.1542922427494595
715 19.637274968622933 34.3809415718844 20.581919242033393 5.148346104102519
716 27.475945754766606 44.440409489856826 44.43264227570031 5.141135396687919
717 39.91324275290122 24.454189204755657 14.89592638303558 5.1394308781692235
718 31.185926156595315 27.23675319555833 43.559964143171335 5.118722639204449
719 4.096714904867162 24.13475592729227 7.869612070571904 5.1127796668691925
720 7.19488621095005 29.909673510905876 7.528323087888377 5.1052565679154975
721 4.430580358093388 5.61013953455313 14.0284951711477 5.100562331476962
722 32.941262006897134 25.85377773139571 26.77848639110829 5.0972593045189525
723 44.437187899115514 36.262531365972194 45.782285012929854 5.087946142957018
724 32.90067241835037 23.286188360862294 31.877162308656725 5.035568007210788
725 8.987949711084184 17.415173373338785 21.536558534051153 5.032767297030976
726 26.134091694343166 20.4889199915379 15.27051129902509 5.031614624035371
727 34.38642715611669 15.242705072374221 6.836100559373634 5.007272269373196
728 39.6834672825619 33.188270934578995 37.949158245706116 4.9870932945489095
729 42.29719188475033 45.40095775497883 4.057493411579835 4.9769478276250005
730 29.743403063476507 28.822418949514457 5.691608943199601 4.973782690993836
731 21.720584457599628 15.151367250973983 30.88230010898588 4.968522735468523
732 8.952066626528426 10.552009751199225 16.657693584963898 4.960822119301592
733 39.73719624371649 39.146308957339244 24.121216254615007 4.960646615279756
734 4.404638048231913 10.760907745020099 46.42580565470234 4.936032566626158
735 46.8948042788529 42.94397325001089 21.672490651528094 4.932503535045397
736 25.01717721432618 33.08063353024912 43.75410260794817 4.924029939301469
737 29.283090483962354 38.75702796573968 35.79852693947961 4.915022919504499
738 45.720629271798984 39.74456843636189 27.09040472830654 4.89673103904045
739 9.382500653691421 21.897895486954514 11.965342373590774 4.87888733035945
740 5.680640079735703 43.12655476921319 3.7344142305279107 4.859858360785522
741 41.755836166148235 35.84001584049885 11.92864257530226 4.8546234042486525
742 44.26562169228658 20.17717876541088 23.672929319407782 4.852403133646128
743 3.957524963019212 25.09316458410011 41.314400503175285 4.851591949487991
744 22.093320154912167 24.91559680750734 36.87500642490065 4.8314584988926885
745 6.2114578650822425 9.004351059369062 24.189342274723792 4.818103600187934
746 27.78690047549526 5.728238448525715 6.344114355174774 4.813555605571472
747 33.32728348066102 45.13628021241535 14.079772793757101 4.775658945806399
748 41.05007128395597 14.506544416990995 6.846625000704877 4.765652154476737
749 40.82977465677886 26.522387688518705 3.679673913816099 4.755434220180245
750 16.24555644985973 36.08286701771199 43.80047551099506 4.748574957505175
751 43.78319879176129 5.239177345666173 38.44267618913331 4.740158548334012
752 16.98137979491727 36.042676963097364 29.95508836534968 4.735204290647956
753 25.44273311066861 5.965509962700491 42.52274277696521 4.719044357484381
754 9.692135395517866 23.630859569567995 6.819120208557119 4.7167213582612355
755 25.080026014402883 45.39444040481765 18.337792396164577 4.708346266135859
756 27.225192681164547 31.085076521309134 29.659666705752556 4.6924362563650215
757 15.235914215100635 8.075615565654273 14.098878196718559 4.681565130633015
758 37.26743487558458 41.57438190625106 19.488503236893504 4.679173185441435
759 16.99154169958931 19.02550959958134 7.4692172264272365 4.675850253871493
760 10.20135097900647 41.879936582525055 40.616499087159255 4.672967898615996
761 21.997535750809398 30.61302717985096 14.253815078303262 4.669233520777783
762 44.02210502872391 45.864414840200375 43.33093990342613 4.663032470653289
763 9.458834448934484 17.672763747213068 31.724542052552973 4.643275623224312
764 43.42809104668619 40.361951433765995 40.86893088185518 4.643238574692398
765 23.314590599614853 17.567107614353993 6.15631368400661 4.638962378811639
766 37.775034056279516 20.14032597073938 10.34862430909126 4.638616048288635
767 4.6816306459103005 11.470875201101391 4.695227528470031 4.638559343989638
768 41.499470448455526 9.172245904706266 45.371152298433245 4.632772857301436
769 37.732230967394976 33.723588095771646 17.177870916609667 4.6313828520639575
770 29.446835063873724 14.522368937042065 27.20707485894673 4.624363811943146
771 4.310509226121515 44.591751049081076 41.2728976506787 4.590039420967633
772 15.24868445880183 32.97305769141189 14.027627683316148 4.583452420796695
773 33.24106747187756 5.9838020166969095 30.436221745190085 4.5777232638277345
774 40.59379420079214 10.381668250437428 35.869738236822 4.559559113240179
775 44.88123983966603 15.450176248281526 31.199470056787263 4.556028360880315
776 7.823737417421416 17.3747377431839 41.832131756834315 4.5559367354133
777 4.355865687692184 20.81330588884952 46.27011821085666 4.555361726975564
778 41.94081336724764 17.528729470076758 45.97250585830876 4.516093170677058
779 31.039588636990093 34.62022111697491 15.54831583383993 4.514371815137634
780 40.00087967148105 45.98338637780142 14.998581230357459 4.503219972890028
781 29.13489716655411 34.16833900954902 39.66260274320221 4.4418322818363265
782 4.7287269643016785 8.476687756796775 29.734199648712952 4.436201988601646
783 27.35351712003532 16.76743706223091 41.047815884166525 4.422078381447086
784 33.350524369118425 30.83421023049078 39.67330203276033 4.418824540423525
785 36.18057253829599 25.11824626708241 19.45007833295827 4.4165981761116
786 42.890911280168396 14.688407573782433 12.45951006900074 4.415926889126322
787 8.370355136843223 10.493772564578457 9.71612266258612 4.415523821663449
788 24.827644884079348 46.50188785943179 32.685966090280225 4.413498564503543
789 5.468019753419638 45.039525734873415 24.136091400375893 4.403680844593364
790 22.30452315700361 6.11946921344365 26.59471093251228 4.398876412748355
791 15.396117682760696 38.77733651111343 20.665617551154153 4.386069807505145
792 13.478488817462317 3.7896387249588157 25.278938079680067 4.38251665087446
793 25.534831186863325 12.686119538672262 45.71783620291948 4.3651316229385255
794 38.50590347709222 5.4304498288341705 38.49758279001462 4.349738405512997
795 17.78866923949236 42.86067656496438 28.89227876681041 4.347708603265345
796 45.63699784348407 4.435286502468097 8.020890995464029 4.3272970784444365
797 25.491455400588006 6.436286251138637 19.25050624176239 4.3047983929674025
798 14.318610891493748 12.916625413401423 8.238564594249313 4.304544761774935
799 19.37853184886822 20.83086152951917 12.315241107384399 4.2933566068570315
800 15.424011165483606 14.760650063435955 38.134122663788204 4.293155290487654
801 10.295147247223344 10.473571933036155 29.23638328961677 4.290808344302648
802 7.935983314926516 33.8702224631746 21.38323241935152 4.289859114882938
803 45.54847182002342 26.105786581990504 15.035737602320562 4.284102861662458
804 46.30597987272945 23.64757407213502 30.56434623247297 4.275451253895998
805 27.24033353511262 5.644296030397769 12.774341001761858 4.272841873117392
806 28.2636492628267 14.443535426069634 19.213442667573652 4.266577438537881
807 29.495024500888935 41.97224048424304 17.80718273696754 4.264216834192636
808 29.447944241759465 41.75179101761711 5.17686442760727 4.260755654651952
809 42.68329574580388 9.77411053665529 21.228554830977448 4.259680286894236
810 44.83737221822929 28.79823013309061 32.264672102267305 4.251940529537991
811 6.849342417433099 3.871714144371731 29.664553275611457 4.249907158451622
812 16.107578271328002 43.76098076357276 40.92321581717151 4.241214784340237
813 32.55062465055611 41.728700119856384 23.24095353277137 4.2374865139080775
814 16.656580743953956 16.04106332589535 32.9678821345954 4.2352305663271235
815 13.724319520395358 37.93655753726209 12.258730874191912 4.233026130027433
816 20.0511037569721 39.774329082255534 46.79718741839717 4.230526577621191
817 19.721724800989865 13.951545788284978 17.159676709290753 4.22687920695188
818 11.232025100512342 30.827057313092816 32.4207412300026 4.215304373101081
819 6.345131852200926 32.246948812385014 33.53656807184005 4.193956494488025
820 17.280924345895894 31.41014230433259 45.47400349422497 4.181168705484813
821 28.873776988757825 18.073122080952494 9.032313645453437 4.175489016607928
822 39.11206857732782 32.022296479687476 5.009062234341301 4.1695488334297846
823 10.808175355138879 46.948281695506594 39.44818346229306 4.1640820414428825
824 10.255313337396208 43.194875613074345 30.32164393951038 4.154157941762923
825 27.784039309019285 11.309933720286427 35.913981403481074 4.151842579840264
826 8.965207627617263 30.434907088956933 41.04269511966241 4.1443343620589905
827 31.122143169013604 12.915459736338017 14.648962173835146 4.142694791653168
828 39.35880168345846 25.833973777826525 43.535913217403426 4.13894704164544
829 9.38620587045536 17.390885912872612 46.77717089837148 4.136055442997396
830 7.476431947472893 36.209983904285124 5.515012150743363 4.1339750149203
831 13.874134496647248 26.34055704888487 11.06281091934654 4.127473707505375
832 24.336467133772157 8.631501563864713 31.601869014482673 4.126831007412878
833 21.831694127099137 47.12775240497693 46.7844956626751 4.119284417640216
834 4.116932942717952 46.019353868320245 19.56540169051365 4.1183649609265
835 9.489172717908701 7.57522166097117 3.9702816102575333 4.115524567424688
836 26.498893015249365 35.83839059543774 32.53480194228354 4.112126266516584
837 5.466630722011871 38.3580203225375 20.980492369872685 4.088564371760342
838 16.355436530085335 14.781448481463816 3.5150131409988763 4.088345454000944
839 11.070555143960895 16.843092753341434 3.8008169069224107 4.084776605940991
840 31.79449468000287 41.05804173720016 10.923022920475859 4.083922720663722
841 34.183093650371 25.63557668013513 7.946204206497108 4.075163957179429
842 29.805946777190872 42.367441103846936 39.718959554929945 4.050903809110503
843 22.297552564167592 21.383869966764856 44.01124362752316 4.04769343616983
844 3.5347879744005404 3.865267454221508 44.09214155803497 4.024659123077173
845 35.588547520872645 11.189413007749948 34.42292641284093 4.024310713759516
846 30.27514178898008 44.824918682907324 29.016621803416456 4.01685635011858
847 7.846702801723733 37.732044589953325 45.83232214096521 4.016731991005764
848 9.369568179113958 40.53725359386114 9.44054958462823 4.01664132134243
849 34.16195539419664 10.4298419539154 44.52573745139445 4.0158379108495
850 23.09954093814922 34.0434249033654 27.872874743420944 4.009768720327782
851 21.481392855572505 44.60903846718194 4.243946392997282 4.003386789498917
852 43.91075647224651 34.550991880546725 24.213063481857095 3.998402008870777
853 21.90190400818821 32.56169385375885 3.9134112200694906 3.99194411109676
854 32.994465229095475 46.18498979002703 43.09074695219378 3.9904763511165107
855 24.455073505369263 18.001393873886755 26.10555263169639 3.990393452560255
856 3.360396530516129 40.260690811969056 29.107013645212948 3.989846359738447
857 43.270076699354135 9.198730693391271 10.180834516945882 3.9853448622901095
858 39.025403988250126 21.702330847853784 23.9921854710254 3.984717716442288
859 36.05247176088477 41.85492240842155 41.03592393435416 3.977508942406974
860 24.182379480630804 43.52195707291957 12.45290171974515 3.974269345303528
861 17.619318786428774 28.64973624707602 16.352682872170536 3.9725254778211037
862 16.51468963086784 38.60576675718062 2.266016798079766 3.970750792022357
863 30.692363679377493 23.74024685940409 22.065124965001317 3.9690990620134254
864 21.395796337762125 42.53236651457441 36.31582594265411 3.9551713839039397
865 10.54115582933445 40.04939938374674 20.61552959112494 3.946167272361486
866 31.170679043160934 33.7523952685559 23.230458774008603 3.9455421396488912
867 37.513170781859046 20.19153875613943 30.98456413879079 3.94045858027122
868 19.292362037126694 18.897960959367197 17.03326287193586 3.9391211265929456
869 14.719214182615216 32.831337373894534 19.216172078745668 3.934410917029439
870 14.091733362439658 4.3503315737061605 18.481706609593253 3.9337427487718166
871 45.83282584360323 24.55207612371774 41.62884927709884 3.927133123816037
872 5.152033043865129 33.2601162452501 13.350421150467609 3.9167554624464627
873 9.010580472638525 14.275889129484822 26.668113901924663 3.915686358503227
874 17.12452865865858 15.34465204733194 12.592904707183873 3.9147843969989946
875 4.1276666176095285 4.350392343154477 22.521976810656245 3.910743536796385
876 28.768944972532328 8.162074661561608 46.12104611801538 3.903124383883962
877 39.73832248705837 44.365599160090866 23.671701846112523 3.8955168600944914
878 13.623858346618077 10.164770052209182 45.8941633205196 3.895131125664404
879 4.78814085629383 19.049217709644857 14.39159618915518 3.893181042087239
880 15.62823290206663 9.855872576467023 35.261167164074074 3.8927073052768266
881 41.02527971257836 5.999055758524429 23.70156950308266 3.8874232297341518
882 26.376303061627436 25.27949778267764 33.737032284939296 3.8871719026803127
883 29.032655575569184 19.22056365165135 4.542684657515324 3.8859925255940144
884 36.43165183881913 4.238727777530354 44.94415594510484 3.885928266729231
885 33.045969364242374 6.48492656093549 11.299722068810418 3.882117007576799
886 5.93905548369191 42.56423764398654 13.93601576228779 3.8736361215681856
887 6.124950611408672 27.969610652973365 35.41302864650718 3.8446645548360396
888 26.598505402835613 8.979272091928 23.011250717808306 3.8394178234147596
889 11.62290113943656 44.598112047038 44.50485544325465 3.8369307190197337
890 43.60305882208394 32.12851041022533 7.8810675886832255 3.829600653510451
891 41.31105077949142 4.572168213364023 31.78623848607035 3.8263268504364265
892 13.210355480744647 4.641891477866212 32.94572203003131 3.824978639415943
893 16.281366339663926 22.66270492929465 18.757957925288913 3.822580570076644
894 21.183987075357766 29.374017320787658 31.130179039701776 3.8123525628358057
895 16.382183004224228 31.589332885517308 3.464840618665341 3.8111806628827383
896 6.17859363190595 46.48258175098705 10.799121047582332 3.8081048649471554
897 41.33243860132107 37.554018549551756 5.460273352052173 3.8051561262447597
898 26.29198321192758 29.17517005957516 24.131359456009285 3.8040923437338736
899 41.643145069344286 45.375736528630945 36.45542033898525 3.7938446458768142
900 35.20039898588708 20.470518883454684 21.09989186245124 3.7928568888557965
901 30.96595739007766 11.398362923007696 4.663985801311278 3.7917997276184012
902 3.954073578324898 31.767290238470153 42.717866019662345 3.7880094140647547
903 45.052217974683245 6.445923646194306 14.201351849530301 3.7838363181056307
904 18.40859681865843 4.874190404543248 30.930655471226707 3.778824831725668
905 34.633944072715366 30.2624207300867 28.768947108268435 3.777640397545334
906 34.00137537303895 4.525350730257384 25.216763159662616 3.7733367741730395
907 2.297613110847429 32.61687621419064 17.907693750914095 3.7714209643798564
908 14.735201650773538 27.465747906879745 5.277907748537171 3.758798496035245
909 38.64134674394815 3.607653231030186 11.082230682909469 3.752599834583559
910 27.683790490326935 10.467870635460757 41.09041491105319 3.7454649984474386
911 16.647519788555645 14.551172718866239 42.81925192842618 3.741609210418833
912 36.07486081539974 41.756590484454044 4.159304205162312 3.738175988040849
913 3.688951154585713 27.571541480281468 29.26070756208912 3.736431403080403
914 2.3925270585834864 43.5008924826646 10.5140080937074 3.729113223334577
915 40.82524185987829 4.804942543050963 42.48759563205909 3.7285902069765102
916 6.16912342078355 6.323645122817988 35.75796284925834 3.728171239116252
917 3.996218947010015 40.11835563561137 8.244913732297668 3.7272511398316617
918 24.46487943614177 22.928451308854356 3.7443960218300423 3.7247665948663924
919 28.92676846382736 46.57223423764144 12.61352188916204 3.7193016055558594
920 35.14145379393971 24.56180810819169 3.686684393448938 3.701337412111485
921 34.209530640166676 22.60228070171338 14.327621833866688 3.6846643557206264
922 27.29044900988067 37.19811585615592 11.573407318707527 3.681157693738816
923 29.544256362930398 5.218376044601673 35.727079040649684 3.6762218389595356
924 17.758984013946613 14.472195566928333 27.859814287297077 3.6723508450459157
925 20.705507655602286 9.705641860428953 6.765699621481789 3.660011122449654
926 40.99167759228703 5.4575148554062585 4.554795726093051 3.645601131704499
927 4.446725257366471 28.204296603316568 47.019710818783814 3.64559592507473
928 13.78125305769978 19.436366823343743 36.46720619517914 3.6455171066539274
929 45.901363289129556 31.81203016697117 20.099426249717354 3.640150459530237
930 9.661348572656578 43.255713613189215 17.62132890503537 3.6361676039777904
931 17.764311954592802 5.289452342976963 35.278760641714086 3.6297991508038248
932 6.5694336442258585 46.58534721906958 31.996108160683526 3.6296716420612847
933 18.363717405383685 26.833475726988244 42.562393735443976 3.627754197646788
934 25.119398631607943 42.880334465674466 27.25834771168931 3.626656513537209
935 27.84531571164892 5.396740658177718 29.562662902244938 3.6255997705992846
936 18.524452696127295 3.589965666375129 18.799631613082084 3.6255552081800007
937 37.037675447632616 39.00162634655996 44.651776699794446 3.625484155137685
938 35.75543882242119 46.41256671955224 7.024263138157673 3.6224117579741986
939 20.451369856094367 26.93758381388703 11.156263460602277 3.622063639665954
940 17.55744173836849 46.57692153792543 3.211324206056324 3.6184849553963017
941 44.219672901450664 18.981437791715233 13.760890874300388 3.6160732623697602
942 37.75230225542593 12.432726058833989 39.30711220570321 3.6148525445537123
943 5.654803389402148 2.7500267295080705 7.8175393565586955 3.6142518132090276
944 31.176483910774426 36.621024953946524 46.30355104296362 3.612826455448376
945 22.39558701931927 11.016018793828636 22.15662814312064 3.5991967168814494
946 3.4890096263853168 31.627220007669873 3.406962101871202 3.5958229184131283
947 39.021937254428124 19.17955807158714 19.42393574570051 3.5904589460054392
948 16.36593039744083 41.99927840658708 33.55475049455395 3.583459141188415
949 27.085108213681714 37.0918442154022 28.01753728924868 3.573464282550418
950 25.469713964748088 36.6881274171074 23.363564453087623 3.5731483598855243
951 27.577616669257758 47.00662886603679 7.040335295850823 3.565064286531446
952 47.01552312299042 29.112860370108187 36.48559308751493 3.564275370470564
953 18.6499530289598 45.2355406332098 11.878481737931072 3.5606339818992354
954 9.188699985710171 6.803723773951027 20.330027788238052 3.5594863657492053
955 19.01848225303618 25.1986117594586 29.683467095115937 3.5561430272696
956 4.74547948988916 23.828115287959545 35.20235432490805 3.547141506900007
957 14.628008698183589 22.131161624999947 3.5181966678052805 3.546430020118532
958 46.581971098818805 34.46379791054746 13.940053536746454 3.54349627578876
959 18.309110187406432 41.44556286140367 17.81713315795845 3.541843742210345
960 26.25389861273954 10.88768326613895 4.0379769797761575 3.541264281675945
961 34.37270736461202 22.330632125671954 37.876729687940326 3.5398148855806912
962 32.10758205140797 15.680314304582406 48.05711935338895 3.5379691139850493
963 8.987621953283828 16.794957790284386 16.327442162855053 3.533349141366232
964 11.154948821450978 43.71551060659872 23.267027194821786 3.528533120418678
965 28.653741887052668 22.039969953642135 43.18073543342378 3.528257680691609
966 10.896900607379749 34.19683614660221 15.968739125732826 3.5248067944458317
967 42.82226531234563 24.051258037440782 9.007838115658515 3.517776960249944
968 3.5183148561985353 31.941524838580765 37.830944957406324 3.5157849186299073
969 3.881029152102377 37.54149041977364 15.705966552019289 3.5156416423601415
970 38.00950311266804 37.03956529337667 28.71561564206601 3.5135669480538447
971 42.77503239667972 29.88577293420166 13.158555921897467 3.5132554119978536
972 7.152788657107586 15.64504298070889 7.648700069630643 3.5100315052819395
973 30.688106559642108 3.4212197750332414 43.86402966324047 3.5085293944065876
974 20.629281663497373 7.026117839519181 21.306662560977593 3.505989208814206
975 8.128535097721326 11.420757776796899 35.07436265686181 3.5055824456223115
976 28.21104143549283 28.983935232538336 16.05457708696604 3.5013346492503885
977 9.196720896208404 22.373801378944 45.41547947352451 3.493750728611768
978 16.24043806385055 4.046140633296321 4.23053164909386 3.4916197923758028
979 38.92939548036651 31.509455616644964 12.943640725858126 3.4875283391395593
980 38.00697667796215 5.5263936770175865 26.878448772326816 3.48381424216653
981 42.00782161023203 42.71210534286468 11.710386420879924 3.4747674078545345
982 46.99046602688401 34.89932286269169 31.68949656174295 3.4746285424848145
983 43.86816422853068 42.82938339277836 15.734618325380902 3.4703780070211696
984 44.868230867133825 3.832323296264017 23.598112148469006 3.4642007005757502
985 14.214060767941708 8.447694219658237 28.21857943076676 3.4624470514930548
986 24.954443212244357 33.08622687567147 19.341740337461147 3.446545092266666
987 7.228970510271877 33.16784218553354 45.41026133611456 3.439633679016662
988 8.521757485929466 24.34952382775213 38.47260631185114 3.4390800345969934
989 2.574948610671796 15.185431040958267 12.962233274344253 3.437804617851981
990 37.17091438095519 35.113400496911716 25.17140337316049 3.437173502769938
991 23.629182384822776 47.34165832731618 9.087707996190153 3.4341902778844124
992 21.507122113775683 22.178474746434485 7.543589517944718 3.4329690156735184
993 24.321616091875992 3.3883170518235644 37.39243921033854 3.4298436414870515
994 16.535028325111984 6.095057678197577 8.183796714927013 3.4202349758899646
995 38.52901149753887 15.023597655397154 32.47357096605478 3.4195555872947097
996 21.975695061293397 29.230931119480353 39.3334176451186 3.4180488998656884
997 44.354826455209135 14.402102324309212 18.744217721523484 3.413116428636766
998 27.139517129218888 3.4917776793602235 46.306648623510334 3.412034551217187
999 22.778637124221625 2.9753081551990332 22.537380288993447 3.408030255508633
1000 17.07921726405525 40.82303100402528 6.627234821936134 3.406394358984174
1001 11.432107915679381 3.2052522157285335 14.27005473929574 3.3960370097914643
1002 27.85589330392354 24.67060722691337 46.700665530604354 3.3864331682122346
1003 38.834307265816506 22.339251187148864 47.0349764003455 3.3829120197760725
1004 34.68395142262181 47.470900133600715 21.42232655757376 3.3770457219016983
1005 23.630282764149136 24.283472088490566 20.96971741011313 3.3692080097716355
1006 21.284764910381536 4.925555032734142 5.294280997321674 3.3663082449744075
1007 21.07800453020411 39.33946504608083 11.281875446839646 3.3616451634736664
1008 2.677201693377874 14.420566442213321 42.933853496775775 3.357564673610258
1009 46.9646307505188 14.00710432106009 25.312872852564915 3.355488331484035
1010 30.19163708777912 14.390703223016512 43.91724267695795 3.3528431082399655
1011 28.26182878523238 19.099190843691524 21.33226883978003 3.348047928251134
1012 38.482410398899624 20.835193580618185 3.5016607901888928 3.338571559989374
1013 12.193426475674533 47.520176903501614 47.812096545843254 3.337646165176279
1014 25.337445059323993 20.100794680677136 34.09778277253423 3.3360458600098415
1015 19.995444561268602 5.7626548249521115 15.249477388243792 3.327470237513234
1016 35.13329071050182 28.50015942837431 15.46211125162634 3.327087843671081
1017 15.199409618528223 34.82579721429722 38.2751485981471 3.3269709521224025
1018 47.01560434357918 24.48803967427186 37.4884837026728 3.3209842676241745
1019 4.26435324537226 37.69678021380067 42.71162404188041 3.3195438065766814
1020 14.756574549219174 21.25474781843322 14.809660569198027 3.318625170377779
1021 36.68795857558155 9.74277102945126 22.143928636969882 3.3175249067881656
1022 18.633775880054902 22.107972396393258 39.857342221077815 3.306790672031093
1023 23.394586335594326 9.649662678035929 10.940470363463486 3.306764788536113
1024 38.01716511134324 25.423267476550382 27.806966854455972 3.306407602319432
1025 8.858650379016103 21.39047897743678 18.367263496420957 3.30463742391216
1026 9.21429711396529 4.697053280001359 46.382851787710486 3.298190704612321
1027 3.8666648907339494 23.410696214797134 22.75484346839657 3.29779478131333
1028 31.187285185277982 26.081315539002 38.75696132697855 3.296150743717182
1029 13.706625178576756 40.620579963583886 44.99612905454721 3.2924165972351886
1030 19.877271671118145 35.997668585269075 14.125129835388877 3.288505944560806
1031 3.3587167804743814 16.69061792509106 3.813641912885152 3.2869688491004316
1032 32.94373403403227 40.494832375635326 46.320426609972166 3.2860614964714845
1033 28.490799533984617 5.37297882376708 24.600355413548733 3.2851013960730917
1034 21.955791711657383 38.35131310800985 30.39728653616458 3.2824591531229226
1035 44.924167406878304 18.535588163340755 18.496455334380567 3.277882610314185
1036 45.767623056831674 9.814176733791122 38.59049808917388 3.2735561771534516
1037 8.642279819071856 4.994765829670441 25.077651818774232 3.272633726838051
1038 9.323422051180046 37.174121607970896 24.13843871941978 3.2674553905784514
1039 3.637139125213089 18.877308078067156 29.65246948895856 3.267322210858229
1040 38.01536399020398 45.92169752030012 38.58314464125207 3.260177401815608
1041 33.838957537572696 21.13279374927604 25.83003880412045 3.259396323199771
1042 30.582460509979924 32.26167402249605 46.29349022308228 3.2502117775964514
1043 45.482788547077966 27.378385973179924 6.407347332703827 3.249392917154765
1044 22.359652957225787 27.048078858964306 17.322512087326167 3.2486058504208666
1045 13.496319994078682 12.300369810964611 18.65704255773359 3.246190549436537
1046 32.31187917782732 6.232791515517091 19.69088125990885 3.240674739045412
1047 36.73847116927317 38.93775679527701 9.411155337180691 3.2391618466859975
1048 44.44646265738161 20.46307238878446 7.243628120297277 3.2368956659457444
1049 13.141095847850961 5.737636186739943 44.88474933267533 3.232014565946006
1050 11.300146953985491 33.05546637209214 11.813838462977369 3.227115939272154
1051 43.36273410047567 40.58726334883508 7.858307019049995 3.226320588824458
1052 41.628770235687895 35.998323148873354 29.978870979504322 3.2123283159491027
1053 3.688710944173174 27.88022144905688 24.463876763201277 3.2117393458849257
1054 22.406505938331268 45.9818041945978 28.008301449209373 3.2060527497361218
1055 45.26459036321641 21.58974799064659 45.67457976166927 3.204992777252987
1056 35.013579527317624 10.527849823724846 25.987653528619507 3.204298816957243
1057 23.046451923965122 14.639093102226063 20.094243786881385 3.2026937738739343
1058 29.357836168466687 3.4779610524121427 17.412968356129106 3.197089679171998
1059 45.16227238696991 31.840696948922606 38.78934506320956 3.1962915503850144
1060 18.28366487733992 9.961968295505892 3.416793839848526 3.1955609142122157
1061 16.507216870787946 17.025929732788327 46.96441723624765 3.193108111782606
1062 35.89412624017709 4.1629755716540995 4.931414807917126 3.192988467288409
1063 10.791978042254586 12.79769566630523 43.80649908600839 3.1917536189327667
1064 45.733674041607095 11.842789446908537 44.59450290041899 3.1890119783209103
1065 44.42801334542926 17.312110230815044 3.5349963190342337 3.1884939888341335
1066 18.74154790333174 11.332883926912862 44.61730274201553 3.188425770930875
1067 17.97252236716189 1.960567969042787 38.862904973390215 3.1858931409871505
1068 45.816980809740066 44.87845410983857 8.826393526544122 3.1849533624377404
1069 32.48909534151421 36.843825559285406 28.21233066192767 3.1828984314436592
1070 9.975976775288128 21.874416295890317 35.50110328140768 3.182145317145399
1071 30.709273691961567 6.922778947767983 41.10585192320215 3.1814602497776643
1072 46.50014051939077 6.766522592721471 20.877356771605452 3.1792473354622057
1073 15.022798319869192 9.496883390964104 40.419204839960926 3.176399719878291
1074 27.91796843721545 31.43622451098561 35.40230878085523 3.174081544901563
1075 21.92023171327697 29.458861506325356 21.653847917620542 3.170293115964628
1076 46.89064117243632 43.34803522071994 29.92289096249544 3.1650121589697875
1077 32.9090382144845 2.2822670936223646 2.799413397323673 3.1639188430571927
1078 20.622038092774112 47.54337405686981 18.704255120128252 3.1631067941170317
1079 45.43738284732575 10.064074059140346 30.10028790798345 3.1606300048050198
1080 29.237206797439924 24.928376780097928 16.660117305196888 3.1606063175098713
1081 41.10290034901395 10.378441428108431 14.342605316721368 3.1603207434703644
1082 2.770850054033629 14.715205892765281 27.020080414309913 3.1580785410367094
1083 2.6267831648099365 41.831303801161525 25.170345440265333 3.1504431779181967
1084 43.409816957235705 32.19264168968409 34.90434347446173 3.150282919148875
1085 3.0461005497115687 18.636636292444138 20.576550196306826 3.1471145544202774
1086 47.47811134928576 27.551450890155213 45.17224492703284 3.1468605125566387
1087 22.02281881812635 39.23230410229656 41.57848980480358 3.145966671550192
1088 22.376343676125813 37.03140885133422 4.373296067703668 3.139644080956881
1089 26.030956434524224 26.0586739407487 38.98692274217758 3.13783148475409
1090 32.900623203092984 18.579105040016806 29.075751968792748 3.1369372555883617
1091 6.31641529952139 42.228808254181544 46.30304638852145 3.1368217372919576
1092 18.152783527530282 7.948566538112541 17.8204184817944 3.134898966064008
1093 29.852516550467787 3.1149605813343517 39.39272426733426 3.134371507739182
1094 12.460672148868259 5.451872988821133 7.901741136839043 3.1286855997649514
1095 10.70785911411918 31.91693389833655 5.0979671409287866 3.1209940728292853
1096 14.870448751980653 22.431047332730447 31.101317846396036 3.1179904628736237
1097 28.993752725408417 47.073168571956344 34.97797657158308 3.1163630955029484
1098 44.20425021669421 35.52615337845893 39.51745883655061 3.1133542890420367
1099 43.39325684634884 6.245895246180051 28.49680239509184 3.1125601506435565
1100 26.03091439035297 25.943730874786734 43.06447598940469 3.109057882800755
1101 19.647934637369712 46.13078073869154 39.19342245762337 3.1008408814602113
1102 21.02070628920594 14.7900582490864 41.6221489255426 3.099067135531571
1103 3.492410039321504 6.393161073862585 2.7715924443620734 3.0979494422263247
1104 7.757846783602229 14.244155148183353 11.978897006414291 3.097808926463201
1105 38.50879286034885 32.6011845159016 29.08963193788432 3.0922230455342445
1106 47.50120895032092 6.187223699040202 34.31704638353383 3.090201323927875
1107 33.6049056242795 44.71829360524817 47.68104660665733 3.084119990927333
1108 16.15676194077865 38.12102705153039 25.9419325210329 3.080124147849492
1109 17.81856465190124 2.947871990868766 13.100473943575068 3.077987212851566
1110 8.17879122019496 4.799639817475324 10.609649393471466 3.077664733469124
1111 21.894785733956258 3.4605194625815074 47.44906093422322 3.076327037243094
1112 14.127025036228975 2.298965699004091 37.956939921409806 3.0754604188005623
1113 41.589793964187635 23.45401754629295 37.426179411321264 3.0740476330287114
1114 3.0992693958454614 1.9568500948109917 34.27199397644496 3.070150692774666
1115 14.352458850768421 46.06598478763411 24.43865831080073 3.0676693896285343
1116 9.533960254246995 27.500760614026216 30.034000291142867 3.065559822825005
1117 2.890477126085609 10.861688461983194 9.746546569601868 3.064696333700354
1118 15.792295943367312 23.550207696420628 35.44634922455534 3.0644592948383282
1119 15.535587208507073 31.882926216032942 23.13814477323643 3.064260747534289
1120 28.074762677102708 27.286400625155927 20.641061461022595 3.0636170611684417
1121 44.11411194030222 31.737211462948842 2.598077278914221 3.0614859382139574
1122 17.806149117265683 47.397681567768494 26.57922069998684 3.061257578517491
1123 47.10233714147962 2.7455316440893682 14.897298533680186 3.058687913098666
1124 38.20029714658215 3.602723510974273 21.983071786995424 3.0584790809152964
1125 32.12402978729244 16.28562308846798 19.432806716776387 3.0568465693847475
1126 37.27273669185711 43.56589530707848 45.4581882036788 3.0567025470362643
1127 4.34073416964307 11.155675464806066 34.10330071467064 3.056372637454328
1128 29.247939956820705 44.728863948829215 22.309628213090512 3.055264100837066
1129 10.255719704570923 28.97450001204479 46.96560648308453 3.0551536308608895
1130 36.146922023296995 19.376123811430247 15.83998628552029 3.049738759981544
1131 35.66560985029191 25.57429118965472 39.85359336560418 3.0476232187705845
1132 38.056881564054294 6.8344689603536235 33.33351280689977 3.044736791291041
1133 46.9913399623739 33.36427616267018 35.590705851041555 3.0429244458369293
1134 18.150431993695143 45.98275968480184 44.91104803423603 3.0428281980774976
1135 42.41390872820422 27.170034998656813 38.63134123762933 3.0427378209596214
1136 36.036515630227655 10.86946625308235 7.533647191325237 3.0404124335874556
1137 27.636018692030444 39.88067778471891 42.8493392549157 3.0390113829096146
1138 35.58877576876355 14.04677179748141 30.17355300679844 3.038764786185375
1139 33.42373990052838 46.64706788604393 37.76926306973159 3.0359505612968487
1140 20.875528188947843 18.538968181171757 40.35910960470723 3.0350955975019
1141 34.183468993363576 29.507369159881918 3.385460221516908 3.0348073994852247
1142 33.31658436279427 12.210861814671887 40.156695021067264 3.033701544175049
1143 8.99121544372302 38.25491262060497 29.33940190711352 3.0321060418127868
1144 46.00323893302554 41.53100742007034 45.76178619814529 3.0311623478598655
1145 1.6453457951872748 10.618512709953192 17.324313287089222 3.029243155522748
1146 8.986164538301175 15.688997921550806 37.54951926136701 3.0270068774778824
1147 8.206574046025978 46.27475336263182 46.01371934257437 3.0264255389903454
1148 40.33886381053013 40.68429311140363 15.22635490714562 3.0255831444473396
1149 3.7066315244211796 38.56205809774802 47.81947575581585 3.023070214892204
1150 14.852174411591298 18.773875965977133 27.062436661994617 3.0227258242383126
1151 15.994589411323417 23.549395493249442 7.241566803589637 3.02005641722017
1152 8.668121504486539 47.48333799747539 25.92194489623958 3.0187364203329294
1153 7.068603217567493 36.3979890831206 40.51926106862264 3.0165707905867656
1154 1.969464310341706 3.3912493493236138 38.79793190117805 3.014743860934459
1155 20.18952630992057 27.899727078693218 25.182526327250173 3.0144741421610295
1156 37.627535703659476 43.31854845955626 9.738681094314742 3.013563405663178
1157 11.41427561838207 35.73646891127491 37.291790965896844 3.013029114269724
1158 46.977936809625824 42.76310177511308 4.249086756891304 3.0110424114906413
1159 19.556235200059003 28.226101469407922 7.5198871955747535 3.0105762904636992
1160 22.164399439877233 34.405019088086554 32.369712242641064 3.0099795800845497
1161 2.3468262301231957 12.926550080198774 37.69965735627862 3.009009032012491
1162 46.936145413146 23.301332824444227 26.170535984043514 3.0035187975113677

