// ================================================================================
// CHRONO WORKBENCH - github.com/Concrete-Chrono-Development/chrono-preprocessor
//
// Copyright (c) 2023 
// All rights reserved. 
//
// Use of the code that generated this file is governed by a BSD-style license that
// can be found in the LICENSE file at the top level of the distribution and at
// github.com/Concrete-Chrono-Development/chrono-preprocessor/blob/main/LICENSE
//
// ================================================================================
// Node Data File
// ================================================================================
//
// Data Structure:
// X Y Z 
//
// ================================================================================
0 34.07668304 20.59543991
0 35.41666794 14.58333302
0 29.16900253 18.7523365
0 16.75988579 26.33134079
0 15.20328236 20.94517136
0 11.7078371 25.04006958
0 27.77777863 50
0 25 44.98529816
0 22.22222137 50
0 50 22.22222137
0 44.55797577 24.02075768
0 50 27.77777863
0 5.424107075 24.26870728
0 0 22.22222137
0 0 27.77777863
0 22.22222137 0
0 25 4.926973343
0 27.77777863 0
0 13.68515491 29.83278465
0 29.53178787 12.83437347
0 32.74656296 8.659217834
0 36.33568192 45.26753616
0 33.33333206 50
0 38.88888931 50
0 50 33.33333206
0 45.23345947 36.43026733
0 50 38.88888931
0 0 38.88888931
0 4.739992619 36.37662125
0 0 33.33333206
0 33.33333206 0
0 36.47388458 4.888228893
0 38.88888931 0
0 50 11.11111069
0 45.31003571 13.76740646
0 50 16.66666603
0 16.66666603 50
0 13.72786903 45.2666893
0 11.11111069 50
0 11.11111069 0
0 13.57309055 4.765305042
0 16.66666603 0
0 0 16.66666603
0 4.689837456 13.76746178
0 0 11.11111069
0 29.61209869 23.93225479
0 26.22582436 29.71032143
0 28.86785126 33.73493576
0 32.1263237 28.29034424
0 24.80985451 24.9173851
0 50 50
0 45.23949051 45.23949051
0 44.44444275 50
0 50 44.44444275
0 50 0
0 45.23949051 4.76050806
0 50 5.555555344
0 44.44444275 0
0 0 50
0 4.42724371 45.57275772
0 0 44.44444275
0 5.555555344 50
0 0 5.555555344
0 4.76050806 4.76050806
0 0 0
0 5.555555344 0
0 39.65540314 36.0471344
0 41.63995743 41.63995743
0 42.19259262 32.4412384
0 37.22208023 30.26031113
0 35.41666794 35.41666794
0 37.27428818 10.05263329
0 41.63995743 8.360042572
0 10.07398891 36.77393341
0 8.360042572 41.63995743
0 7.621562958 32.06572723
0 12.88047218 10.06290436
0 8.360042572 8.360042572
0 17.58226967 7.798750401
0 14.4624548 15.25450897
0 19.64779472 12.79657078
0 36.22765732 40.0943718
0 32.67101669 42.27386856
0 13.92449284 39.9312439
0 17.77384949 42.26792145
0 14.58333302 35.41666794
0 19.90424156 37.2826767
0 40.23626328 14.26146603
0 42.57136917 18.0506115
0 9.766415596 14.37635326
0 7.427754402 18.05099869
0 25 10.74735451
0 25.77895355 15.42977524
0 21.83877373 17.77675629
0 20.44999695 22.26048279
0 25.75795746 39.0576973
0 31.37347603 37.86241531
0 19.49107361 46.26422119
0 46.54580307 19.44444466
0 3.454198837 19.44444466
0 19.47003555 3.736442804
0 45.93011093 30.39201736
0 3.874394178 30.42333412
0 30.52468872 45.99471283
0 30.54796791 4.392574787
0 25.17008972 20.59870148
0 17.37623596 32.10324478
0 21.79089546 32.20259857
0 35.05754089 24.94869995
0 39.4765892 25.40443611
0 21.23544884 27.92089653
0 46.42258072 41.32860947
0 41.30969238 46.42939758
0 3.555679321 41.28420258
0 46.43789673 8.710925102
0 8.636364937 46.49588013
0 8.67206192 3.577171087
0 3.562077761 8.710935593
0 41.33733368 3.601755857
0 24.76163101 34.84242249
0 39.20526123 20.75476837
0 10.77793121 20.76220512
0 17.85980988 17.56187057
0 21.80991554 42.04376221
0 21.78729439 7.924829483
0 28.56526375 8.312098503
0 29.06542778 42.03479767
0 41.94532776 28.34732056
0 8.649765968 28.78395462
0 32.86201096 32.73455429
0 11.29833984 32.9333725
50 29.16900253 18.7523365
50 35.41666794 14.58333302
50 34.07668304 20.59543991
50 11.7078371 25.04006958
50 15.20328236 20.94517136
50 16.75988579 26.33134079
50 22.22222137 50
50 25 44.98529816
50 27.77777863 50
50 50 27.77777863
50 44.55797577 24.02075768
50 50 22.22222137
50 0 22.22222137
50 5.424107075 24.26870728
50 0 27.77777863
50 25 4.926973343
50 22.22222137 0
50 27.77777863 0
50 13.68515491 29.83278465
50 29.53178787 12.83437347
50 32.74656296 8.659217834
50 33.33333206 50
50 36.33568192 45.26753616
50 38.88888931 50
50 50 38.88888931
50 45.23345947 36.43026733
50 50 33.33333206
50 0 33.33333206
50 4.739992619 36.37662125
50 0 38.88888931
50 38.88888931 0
50 36.47388458 4.888228893
50 33.33333206 0
50 50 16.66666603
50 45.31003571 13.76740646
50 50 11.11111069
50 11.11111069 50
50 13.72786903 45.2666893
50 16.66666603 50
50 16.66666603 0
50 13.57309055 4.765305042
50 11.11111069 0
50 0 11.11111069
50 4.689837456 13.76746178
50 0 16.66666603
50 29.61209869 23.93225479
50 32.1263237 28.29034424
50 28.86785126 33.73493576
50 26.22582436 29.71032143
50 24.80985451 24.9173851
50 45.23949051 45.23949051
50 50 50
50 44.44444275 50
50 50 44.44444275
50 45.23949051 4.76050806
50 50 0
50 50 5.555555344
50 44.44444275 0
50 0 44.44444275
50 4.42724371 45.57275772
50 0 50
50 5.555555344 50
50 0 0
50 4.76050806 4.76050806
50 0 5.555555344
50 5.555555344 0
50 41.63995743 41.63995743
50 39.65540314 36.0471344
50 42.19259262 32.4412384
50 35.41666794 35.41666794
50 37.22208023 30.26031113
50 37.27428818 10.05263329
50 41.63995743 8.360042572
50 8.360042572 41.63995743
50 10.07398891 36.77393341
50 7.621562958 32.06572723
50 8.360042572 8.360042572
50 12.88047218 10.06290436
50 17.58226967 7.798750401
50 19.64779472 12.79657078
50 14.4624548 15.25450897
50 36.22765732 40.0943718
50 32.67101669 42.27386856
50 13.92449284 39.9312439
50 17.77384949 42.26792145
50 14.58333302 35.41666794
50 19.90424156 37.2826767
50 40.23626328 14.26146603
50 42.57136917 18.0506115
50 9.766415596 14.37635326
50 7.427754402 18.05099869
50 25.77895355 15.42977524
50 25 10.74735451
50 21.83877373 17.77675629
50 20.44999695 22.26048279
50 31.37347603 37.86241531
50 25.75795746 39.0576973
50 19.49107361 46.26422119
50 46.54580307 19.44444466
50 3.454198837 19.44444466
50 19.47003555 3.736442804
50 45.93011093 30.39201736
50 3.874394178 30.42333412
50 30.52468872 45.99471283
50 30.54796791 4.392574787
50 25.17008972 20.59870148
50 17.37623596 32.10324478
50 21.79089546 32.20259857
50 39.4765892 25.40443611
50 35.05754089 24.94869995
50 21.23544884 27.92089653
50 46.42258072 41.32860947
50 41.30969238 46.42939758
50 3.555679321 41.28420258
50 46.43789673 8.710925102
50 8.636364937 46.49588013
50 8.67206192 3.577171087
50 3.562077761 8.710935593
50 41.33733368 3.601755857
50 24.76163101 34.84242249
50 39.20526123 20.75476837
50 10.77793121 20.76220512
50 17.85980988 17.56187057
50 21.80991554 42.04376221
50 21.78729439 7.924829483
50 28.56526375 8.312098503
50 29.06542778 42.03479767
50 41.94532776 28.34732056
50 8.649765968 28.78395462
50 32.86201096 32.73455429
50 11.29833984 32.9333725
20.59543991 0 34.07668304
14.58333302 0 35.41666794
18.7523365 0 29.16900253
25.04006958 0 11.7078371
26.33134079 0 16.75988579
20.94517136 0 15.20328236
44.98529816 0 25
24.02075768 0 44.55797577
27.77777863 0 50
22.22222137 0 50
24.26870728 0 5.424107075
22.22222137 0 0
27.77777863 0 0
4.926973343 0 25
29.83278465 0 13.68515491
12.83437347 0 29.53178787
8.659217834 0 32.74656296
45.26753616 0 36.33568192
36.43026733 0 45.23345947
38.88888931 0 50
33.33333206 0 50
36.37662125 0 4.739992619
33.33333206 0 0
38.88888931 0 0
4.888228893 0 36.47388458
11.11111069 0 50
13.76740646 0 45.31003571
16.66666603 0 50
45.2666893 0 13.72786903
4.765305042 0 13.57309055
13.76746178 0 4.689837456
11.11111069 0 0
16.66666603 0 0
23.93225479 0 29.61209869
33.73493576 0 28.86785126
28.29034424 0 32.1263237
29.71032143 0 26.22582436
24.9173851 0 24.80985451
45.23949051 0 45.23949051
44.44444275 0 50
4.76050806 0 45.23949051
5.555555344 0 50
45.57275772 0 4.42724371
44.44444275 0 0
4.76050806 0 4.76050806
5.555555344 0 0
36.0471344 0 39.65540314
41.63995743 0 41.63995743
32.4412384 0 42.19259262
35.41666794 0 35.41666794
30.26031113 0 37.22208023
10.05263329 0 37.27428818
8.360042572 0 41.63995743
36.77393341 0 10.07398891
41.63995743 0 8.360042572
32.06572723 0 7.621562958
8.360042572 0 8.360042572
10.06290436 0 12.88047218
7.798750401 0 17.58226967
15.25450897 0 14.4624548
12.79657078 0 19.64779472
40.0943718 0 36.22765732
42.27386856 0 32.67101669
39.9312439 0 13.92449284
42.26792145 0 17.77384949
37.2826767 0 19.90424156
35.41666794 0 14.58333302
14.26146603 0 40.23626328
18.0506115 0 42.57136917
14.37635326 0 9.766415596
18.05099869 0 7.427754402
15.42977524 0 25.77895355
10.74735451 0 25
17.77675629 0 21.83877373
22.26048279 0 20.44999695
39.0576973 0 25.75795746
37.86241531 0 31.37347603
46.26422119 0 19.49107361
19.44444466 0 46.54580307
3.736442804 0 19.47003555
19.44444466 0 3.454198837
30.39201736 0 45.93011093
45.99471283 0 30.52468872
30.42333412 0 3.874394178
4.392574787 0 30.54796791
20.59870148 0 25.17008972
32.10324478 0 17.37623596
32.20259857 0 21.79089546
25.40443611 0 39.4765892
24.94869995 0 35.05754089
27.92089653 0 21.23544884
41.32860947 0 46.42258072
46.42939758 0 41.30969238
41.28420258 0 3.555679321
8.710925102 0 46.43789673
46.49588013 0 8.636364937
3.577171087 0 8.67206192
8.710935593 0 3.562077761
3.601755857 0 41.33733368
34.84242249 0 24.76163101
20.75476837 0 39.20526123
20.76220512 0 10.77793121
17.56187057 0 17.85980988
42.04376221 0 21.80991554
7.924829483 0 21.78729439
8.312098503 0 28.56526375
42.03479767 0 29.06542778
28.34732056 0 41.94532776
28.78395462 0 8.649765968
32.73455429 0 32.86201096
32.9333725 0 11.29833984
20.59543991 50 34.07668304
18.7523365 50 29.16900253
14.58333302 50 35.41666794
20.94517136 50 15.20328236
26.33134079 50 16.75988579
25.04006958 50 11.7078371
44.98529816 50 25
22.22222137 50 50
27.77777863 50 50
24.02075768 50 44.55797577
27.77777863 50 0
22.22222137 50 0
24.26870728 50 5.424107075
4.926973343 50 25
29.83278465 50 13.68515491
12.83437347 50 29.53178787
8.659217834 50 32.74656296
45.26753616 50 36.33568192
33.33333206 50 50
38.88888931 50 50
36.43026733 50 45.23345947
33.33333206 50 0
36.37662125 50 4.739992619
38.88888931 50 0
4.888228893 50 36.47388458
16.66666603 50 50
13.76740646 50 45.31003571
11.11111069 50 50
45.2666893 50 13.72786903
4.765305042 50 13.57309055
16.66666603 50 0
11.11111069 50 0
13.76746178 50 4.689837456
23.93225479 50 29.61209869
33.73493576 50 28.86785126
29.71032143 50 26.22582436
28.29034424 50 32.1263237
24.9173851 50 24.80985451
45.23949051 50 45.23949051
44.44444275 50 50
4.76050806 50 45.23949051
5.555555344 50 50
45.57275772 50 4.42724371
44.44444275 50 0
4.76050806 50 4.76050806
5.555555344 50 0
36.0471344 50 39.65540314
41.63995743 50 41.63995743
32.4412384 50 42.19259262
35.41666794 50 35.41666794
30.26031113 50 37.22208023
10.05263329 50 37.27428818
8.360042572 50 41.63995743
36.77393341 50 10.07398891
41.63995743 50 8.360042572
32.06572723 50 7.621562958
10.06290436 50 12.88047218
8.360042572 50 8.360042572
7.798750401 50 17.58226967
12.79657078 50 19.64779472
15.25450897 50 14.4624548
40.0943718 50 36.22765732
42.27386856 50 32.67101669
39.9312439 50 13.92449284
42.26792145 50 17.77384949
35.41666794 50 14.58333302
37.2826767 50 19.90424156
14.26146603 50 40.23626328
18.0506115 50 42.57136917
14.37635326 50 9.766415596
18.05099869 50 7.427754402
10.74735451 50 25
15.42977524 50 25.77895355
17.77675629 50 21.83877373
22.26048279 50 20.44999695
37.86241531 50 31.37347603
39.0576973 50 25.75795746
46.26422119 50 19.49107361
19.44444466 50 46.54580307
3.736442804 50 19.47003555
19.44444466 50 3.454198837
30.39201736 50 45.93011093
45.99471283 50 30.52468872
30.42333412 50 3.874394178
4.392574787 50 30.54796791
20.59870148 50 25.17008972
32.10324478 50 17.37623596
32.20259857 50 21.79089546
25.40443611 50 39.4765892
24.94869995 50 35.05754089
27.92089653 50 21.23544884
41.32860947 50 46.42258072
46.42939758 50 41.30969238
41.28420258 50 3.555679321
8.710925102 50 46.43789673
46.49588013 50 8.636364937
3.577171087 50 8.67206192
8.710935593 50 3.562077761
3.601755857 50 41.33733368
34.84242249 50 24.76163101
20.75476837 50 39.20526123
20.76220512 50 10.77793121
17.56187057 50 17.85980988
42.04376221 50 21.80991554
7.924829483 50 21.78729439
8.312098503 50 28.56526375
42.03479767 50 29.06542778
28.34732056 50 41.94532776
28.78395462 50 8.649765968
32.73455429 50 32.86201096
32.9333725 50 11.29833984
35.41666794 14.58333302 0
29.16900253 18.7523365 0
34.07668304 20.59543991 0
16.75988579 26.33134079 0
15.20328236 20.94517136 0
11.7078371 25.04006958 0
44.55797577 24.02075768 0
25 44.98529816 0
5.424107075 24.26870728 0
25 4.926973343 0
13.68515491 29.83278465 0
32.74656296 8.659217834 0
29.53178787 12.83437347 0
36.33568192 45.26753616 0
45.23345947 36.43026733 0
4.739992619 36.37662125 0
36.47388458 4.888228893 0
45.31003571 13.76740646 0
13.72786903 45.2666893 0
13.57309055 4.765305042 0
4.689837456 13.76746178 0
29.61209869 23.93225479 0
26.22582436 29.71032143 0
28.86785126 33.73493576 0
32.1263237 28.29034424 0
24.80985451 24.9173851 0
45.23949051 45.23949051 0
45.23949051 4.76050806 0
4.42724371 45.57275772 0
4.76050806 4.76050806 0
39.65540314 36.0471344 0
41.63995743 41.63995743 0
42.19259262 32.4412384 0
37.22208023 30.26031113 0
35.41666794 35.41666794 0
37.27428818 10.05263329 0
41.63995743 8.360042572 0
10.07398891 36.77393341 0
8.360042572 41.63995743 0
7.621562958 32.06572723 0
8.360042572 8.360042572 0
12.88047218 10.06290436 0
17.58226967 7.798750401 0
19.64779472 12.79657078 0
14.4624548 15.25450897 0
36.22765732 40.0943718 0
32.67101669 42.27386856 0
13.92449284 39.9312439 0
17.77384949 42.26792145 0
19.90424156 37.2826767 0
14.58333302 35.41666794 0
40.23626328 14.26146603 0
42.57136917 18.0506115 0
9.766415596 14.37635326 0
7.427754402 18.05099869 0
25 10.74735451 0
25.77895355 15.42977524 0
21.83877373 17.77675629 0
20.44999695 22.26048279 0
25.75795746 39.0576973 0
31.37347603 37.86241531 0
46.54580307 19.44444466 0
19.49107361 46.26422119 0
3.454198837 19.44444466 0
19.47003555 3.736442804 0
45.93011093 30.39201736 0
3.874394178 30.42333412 0
30.52468872 45.99471283 0
30.54796791 4.392574787 0
25.17008972 20.59870148 0
17.37623596 32.10324478 0
21.79089546 32.20259857 0
39.4765892 25.40443611 0
35.05754089 24.94869995 0
21.23544884 27.92089653 0
46.42258072 41.32860947 0
41.30969238 46.42939758 0
3.555679321 41.28420258 0
46.43789673 8.710925102 0
8.636364937 46.49588013 0
8.67206192 3.577171087 0
3.562077761 8.710935593 0
41.33733368 3.601755857 0
24.76163101 34.84242249 0
39.20526123 20.75476837 0
10.77793121 20.76220512 0
17.85980988 17.56187057 0
21.80991554 42.04376221 0
21.78729439 7.924829483 0
28.56526375 8.312098503 0
29.06542778 42.03479767 0
41.94532776 28.34732056 0
8.649765968 28.78395462 0
32.86201096 32.73455429 0
11.29833984 32.9333725 0
29.16900253 18.7523365 50
35.41666794 14.58333302 50
34.07668304 20.59543991 50
16.75988579 26.33134079 50
11.7078371 25.04006958 50
15.20328236 20.94517136 50
44.55797577 24.02075768 50
25 44.98529816 50
5.424107075 24.26870728 50
25 4.926973343 50
13.68515491 29.83278465 50
32.74656296 8.659217834 50
29.53178787 12.83437347 50
36.33568192 45.26753616 50
45.23345947 36.43026733 50
4.739992619 36.37662125 50
36.47388458 4.888228893 50
45.31003571 13.76740646 50
13.72786903 45.2666893 50
13.57309055 4.765305042 50
4.689837456 13.76746178 50
29.61209869 23.93225479 50
32.1263237 28.29034424 50
28.86785126 33.73493576 50
26.22582436 29.71032143 50
24.80985451 24.9173851 50
45.23949051 45.23949051 50
45.23949051 4.76050806 50
4.42724371 45.57275772 50
4.76050806 4.76050806 50
41.63995743 41.63995743 50
39.65540314 36.0471344 50
42.19259262 32.4412384 50
37.22208023 30.26031113 50
35.41666794 35.41666794 50
37.27428818 10.05263329 50
41.63995743 8.360042572 50
8.360042572 41.63995743 50
10.07398891 36.77393341 50
7.621562958 32.06572723 50
12.88047218 10.06290436 50
8.360042572 8.360042572 50
17.58226967 7.798750401 50
19.64779472 12.79657078 50
14.4624548 15.25450897 50
36.22765732 40.0943718 50
32.67101669 42.27386856 50
13.92449284 39.9312439 50
17.77384949 42.26792145 50
14.58333302 35.41666794 50
19.90424156 37.2826767 50
40.23626328 14.26146603 50
42.57136917 18.0506115 50
9.766415596 14.37635326 50
7.427754402 18.05099869 50
25 10.74735451 50
25.77895355 15.42977524 50
21.83877373 17.77675629 50
20.44999695 22.26048279 50
25.75795746 39.0576973 50
31.37347603 37.86241531 50
46.54580307 19.44444466 50
19.49107361 46.26422119 50
3.454198837 19.44444466 50
19.47003555 3.736442804 50
45.93011093 30.39201736 50
3.874394178 30.42333412 50
30.52468872 45.99471283 50
30.54796791 4.392574787 50
25.17008972 20.59870148 50
17.37623596 32.10324478 50
21.79089546 32.20259857 50
39.4765892 25.40443611 50
35.05754089 24.94869995 50
21.23544884 27.92089653 50
46.42258072 41.32860947 50
41.30969238 46.42939758 50
3.555679321 41.28420258 50
46.43789673 8.710925102 50
8.636364937 46.49588013 50
8.67206192 3.577171087 50
3.562077761 8.710935593 50
41.33733368 3.601755857 50
24.76163101 34.84242249 50
39.20526123 20.75476837 50
10.77793121 20.76220512 50
17.85980988 17.56187057 50
21.80991554 42.04376221 50
21.78729439 7.924829483 50
28.56526375 8.312098503 50
29.06542778 42.03479767 50
41.94532776 28.34732056 50
8.649765968 28.78395462 50
32.86201096 32.73455429 50
11.29833984 32.9333725 50
44.84471825 21.45736899 38.46843477
29.61552667 38.9308467 45.73816264
24.96372126 6.603552779 39.49291708
35.1754106 10.51215587 34.64043146
8.075016632 28.02555683 25.05755219
15.24973581 31.82414611 17.72801208
34.46019468 15.81421842 40.05725914
19.81864589 33.89537223 24.77692043
25.93901674 36.9253414 20.92328439
23.12057445 17.90489157 42.04135659
11.40338899 29.03447012 35.61643598
20.27460774 28.70296649 6.474083546
5.832937713 38.59379344 7.315683669
4.736232214 36.12859208 42.50064764
40.82987039 25.91292626 5.139395196
42.38645854 27.72783083 26.38467329
21.4297563 10.34975688 31.67044945
7.427637068 18.42869284 29.02519484
21.59777754 42.49247369 27.27179336
11.45084756 45.31812471 24.14887705
16.43325186 14.23592624 17.52578383
33.0072728 27.13597616 30.99308843
9.105824531 33.57911119 14.22943845
19.87806367 37.25020625 14.66723275
7.528525667 5.141454741 6.611997839
19.41992013 45.81658397 20.92622715
7.637502363 26.93106457 41.61716678
36.2742376 42.50974726 33.06337882
42.49564714 21.85904118 45.38733709
18.91702211 6.5979611 23.25840323
33.42469483 46.62399156 38.17518312
4.859415628 12.88075204 4.454915786
36.68476203 9.325992604 22.85822902
42.89103606 14.38980175 8.95690578
4.947829935 44.69384006 38.74705851
43.4805514 12.60231038 17.46733853
22.4879181 44.79324013 34.00819316
13.47158779 5.918982469 33.5205965
35.71028313 31.31023082 45.28308555
30.20063715 5.292302581 21.50650042
12.61770971 22.62871451 43.65307874
43.12560425 6.847491461 31.81014438
43.30818978 37.44369009 40.8650684
8.482139297 20.39182779 4.895767223
42.51742493 39.60670012 11.55822896
8.943540289 14.5407044 10.59355997
36.71021861 11.87922454 45.99713894
16.35545283 13.40029313 8.393176617
37.54260263 16.65262898 33.01097701
42.96341425 23.70548797 32.00341135
29.00033206 10.91137843 34.77505286
27.20055619 45.3925358 28.99928947
33.70911329 20.98027427 25.72355021
4.745390365 20.93628529 35.77320271
31.98657774 7.533458241 8.220556973
31.94662556 8.343190606 40.63545953
30.42034422 42.23831546 15.88208174
29.85903786 35.48634884 25.33211839
5.548575543 4.13676135 36.37715557
29.01686878 11.93304207 25.34865485
6.177558603 44.66725017 13.25633754
35.50921502 28.04276581 8.84757582
24.71041678 29.44460569 25.22526845
20.18499954 32.07585499 38.20388458
38.96492615 16.17943666 20.40349092
43.06212965 40.98132192 21.18403613
33.60305498 45.93270243 46.02165449
36.14752491 20.07200276 17.05156203
10.48606437 13.33772276 42.58509175
25.42353528 16.38897722 3.967333539
22.02366331 43.61514617 43.80948768
15.10314461 23.1860872 3.799049568
19.3743829 19.20292616 11.54703875
29.99580469 30.24658917 4.055707843
46.35022253 7.678842918 15.34662383
25.96269175 32.61602116 29.95605413
36.93461583 8.532224155 4.769869273
15.95363945 45.4836568 31.1024073
46.43647659 15.16256998 32.85424562
14.88381265 7.665705668 45.35042485
14.47649242 28.56760907 40.78460365
32.91144759 31.71577024 21.77178824
25.01788441 29.57138994 42.25872805
9.316802361 39.65818967 33.32838688
4.899666287 41.45181446 23.75106869
33.51101466 24.26717812 20.60534374
31.50763606 5.296037602 28.50476957
23.58641487 17.06774148 35.77301694
38.88043503 26.18704545 44.38595709
44.22117052 22.93251897 12.83749918
42.754971 11.17773869 3.923795598
43.197971 34.92328381 7.467081307
26.76942742 19.77042513 30.58379718
34.21054567 24.13650068 12.74785007
42.42255349 43.27699029 42.01601382
37.83314178 33.58014991 31.1818785
12.94147068 40.15931556 39.26115248
4.565000579 4.485427046 45.66053607
19.32207746 8.91220455 38.28071048
37.62697206 44.65807083 7.680734124
29.74436644 45.41183496 7.850911352
17.95506944 9.493520398 11.94909246
42.64340152 37.40318517 30.81022233
21.9502686 14.41577164 10.43429752
32.70229523 12.85175255 20.45171153
6.310758153 33.24011937 34.97627691
46.26706127 32.07742218 19.22973338
4.68536326 26.80487007 3.422707753
29.28299456 36.06397487 37.73543985
34.18663666 3.751158888 16.28342522
34.60900657 21.73585899 34.29773624
28.13225247 5.451098347 34.48807158
29.0756788 4.278628645 14.43005396
25.45908129 10.7521993 10.75574088
24.40488365 35.90634163 4.26368137
25.82465166 11.25092901 17.87249885
31.41930661 23.88141727 42.27914373
39.76251526 16.75748109 45.43431913
42.88856409 22.11494679 17.8243318
14.48840429 31.03304478 5.11077198
7.619550894 9.659280203 46.10269
25.96178424 30.87329171 8.381100119
2.833887891 28.12780077 21.33385438
32.88814256 45.62424492 24.3909502
17.54208339 5.759450626 7.685910156
7.953856485 18.22915959 19.70457305
18.82662657 3.113309924 37.47394928
35.86486244 38.19390135 45.3571472
15.43946145 37.39256203 5.262623601
4.963510318 44.73729228 6.121285705
34.83546453 14.01377036 12.7626817
5.03498725 28.81896252 12.36403301
29.29234342 37.03532917 4.522203302
34.34816875 35.89065848 5.512410147
45.43934342 20.12640656 22.55688295
14.85239553 15.95459997 27.3116245
45.32135941 30.82725293 14.06475337
47.12015669 16.64346755 12.97133663
13.41005616 3.722218817 3.910303556
35.56512966 30.24125728 35.16338201
13.69545662 21.23242816 36.42796416
37.96164169 5.614439035 8.881349751
38.19664084 9.631140524 40.34327116
10.33467849 4.888239536 19.08753095
4.431282122 7.443472308 13.12845741
7.81297012 17.85195656 40.04388038
31.67653411 31.28509209 40.02700207
10.43052349 42.77144661 45.43187864
44.92848837 9.946812063 26.67283444
26.18020206 16.0954775 20.57942193
26.5893611 45.89533352 39.75486186
23.09304919 4.811412274 7.366933403
15.21442492 37.63448055 44.03626648
24.42655167 45.03495019 17.45020103
28.34440554 41.89226748 33.14445139
4.768116588 12.65737188 42.65912773
12.86138314 43.04596525 18.33105664
22.50437972 4.433415046 14.4061426
18.12218794 15.52729702 3.391574572
4.068689076 37.57906148 18.65931761
16.65867218 24.30309286 11.42061582
6.48487445 32.68307141 29.56812908
15.994452 39.08261146 19.16429909
19.08328842 21.17118933 45.08822249
36.45183343 43.68000668 17.51783602
9.189444257 13.48341655 19.8834029
47.02896722 27.52874828 43.87932635
36.57729829 41.45314449 12.12037371
26.13465997 23.52382579 17.40221126
43.66961259 10.64010913 43.61880407
10.11982541 33.03398663 20.6892458
35.0753184 27.24148897 3.395807269
36.71876013 34.92048888 23.62898618
3.954267844 9.006936257 29.71298157
41.54639008 6.701070636 37.26984625
16.35234742 3.613975764 18.37334702
23.02720852 30.57199814 12.48867517
25.69505985 42.80612509 12.42822131
42.30135766 45.81831584 16.82110658
45.71932925 38.43327528 26.44064976
41.63438952 15.90295799 28.21478204
35.56857553 10.13193341 17.55931578
3.182614163 36.27351929 23.22205375
10.15643419 41.76118376 12.02320828
9.974975997 26.4889385 30.76338484
15.13749485 42.06547994 46.66366821
22.23343761 12.78055069 39.72840461
23.5995068 45.68932806 6.231822521
39.05277624 4.789983676 40.84805597
39.52084469 35.99479274 35.88463466
9.725148915 6.69737437 41.55468663
34.54641727 41.15375914 25.81817425
4.247805621 21.9210126 7.699306253
20.4864768 33.4731466 46.49094197
21.24783114 22.91834705 15.57649527
46.96346495 15.25458386 24.2643615
9.688800173 28.2394623 13.61261
15.58576761 5.808418566 28.53709735
12.45742944 9.066374158 5.309973092
27.09478995 45.45943238 22.34834626
38.18195497 29.32304593 19.27128608
43.93008317 29.83552879 37.63109249
3.992673882 23.28616616 43.77536816
2.850519192 46.00798759 21.87808259
5.734844445 27.82995696 35.72326189
39.24703846 43.18126655 23.61648742
3.411558906 3.910127941 17.25973516
33.02248172 6.786160385 46.46862414
18.22616831 14.99804148 35.03678168
37.62742664 39.27757376 8.183177005
9.434513085 25.1928105 7.763615947
6.569279553 46.04055611 32.02419657
5.635873142 31.27000691 46.89473476
38.87561276 17.15927974 12.25470448
30.6779183 36.22547029 16.08259144
9.305450173 9.485364074 15.56761248
25.44203051 5.099918807 45.6421725
4.873517249 14.38812499 38.31018764
44.13838041 27.439385 20.64761167
45.55673086 5.664592466 3.777151211
8.992685711 33.6336587 25.36226902
28.26326131 15.28006821 14.94801217
45.8172629 45.29784857 11.91136066
42.35653238 12.85388533 36.82120751
34.76903137 20.03205603 7.43622437
19.37456951 42.65124585 5.366248264
38.01952809 31.45579122 14.43838871
16.46221596 19.2770448 6.435275461
6.210520966 5.931459173 22.92178893
9.425319399 10.18838607 25.16035711
8.592131568 37.19073511 37.58170627
23.63522594 24.01598991 36.26745692
10.28579579 11.34412088 30.08839201
9.323979388 37.72042471 28.30147644
3.865559844 20.66304793 23.7364403
19.80654043 11.16071295 45.32325883
28.79603403 24.69878224 36.25058953
24.14598213 47.62134385 47.25603312
10.78934016 39.12197606 16.8658293
41.96827335 46.24782826 26.61450446
14.46289154 46.64996715 46.05998098
41.04995595 19.0775864 7.237738319
26.76197331 25.01248106 29.77900208
3.510760874 44.69678753 44.08518884
39.38577345 5.444736669 14.88696586
14.31437562 20.73766999 16.64371392
20.18455434 38.12765936 38.20843402
31.62207542 39.03522507 30.19443237
22.80947315 26.9117921 47.02368724
29.72021335 16.9631497 8.091830706
13.74322266 5.182524983 39.63858372
42.15851449 17.58997358 16.17649934
19.55656924 34.89987985 7.081771039
16.50729545 16.08953421 45.50123318
41.84084135 44.7507233 32.89590539
39.02037684 22.26739724 21.34915106
38.0067864 3.842083464 30.62838676
28.62308784 45.44273337 46.19798944
27.91766393 30.38939781 35.25454856
22.55496494 13.5344855 15.33619432
18.53855409 4.225099615 45.45697081
17.95799228 9.719201173 5.417741116
38.40968986 2.754828101 2.020182985
44.94311476 45.7778116 21.88268201
2.924050569 29.22698445 27.82587964
39.84434185 32.82207933 3.926101346
21.9092302 39.03530841 32.7182017
16.28651667 43.76145187 38.39131869
30.94661159 4.058483038 42.81254408
15.70159994 21.54932637 30.98087773
32.55394851 39.33698395 10.83656681
18.76825844 24.19146491 24.21916261
2.522550007 8.217167588 20.73934013
32.98431298 2.363302333 3.499144485
9.382066561 22.79431919 14.58290859
45.79983607 27.66586556 3.080804591
34.66289053 12.35068469 7.183156846
42.51740592 34.81898098 18.22125569
43.16525245 45.33225447 6.196836216
22.21617685 36.09160199 41.50201432
20.26111402 35.40737843 30.21512534
14.13238314 43.651883 6.385465461
36.80956618 41.49750466 38.20516895
29.03291742 23.342673 4.805505682
28.35326594 17.99026185 24.00305913
33.71422824 41.72974837 42.47365924
4.946545243 7.496559642 39.99032864
38.52233115 40.39630732 27.91267569
16.5977325 26.36687245 20.24893567
29.80432872 7.453884718 3.362625827
21.38547736 9.324076958 15.57595833
45.40851381 20.26240354 7.591660489
14.10559096 3.127318971 43.41632894
42.59542786 31.47295046 30.40174664
26.24143446 27.81789581 13.74602673
10.92780005 17.42818782 23.03873765
9.46214791 24.44210588 47.15500757
10.06840355 5.341458851 29.00598534
18.40867722 3.500818673 31.67768973
15.11671102 41.33984763 23.28506661
40.8434689 17.2022563 40.68984531
16.782473 30.79615127 31.86893671
45.69677087 5.303918059 39.80787233
37.17678015 26.38511725 37.9196849
34.76928909 16.53365471 2.824223128
21.68988646 2.50583623 43.15878527
24.82991918 23.41515845 4.399755103
17.02061698 28.06429705 13.71583739
23.00695188 40.91654908 3.752628978
36.52258888 14.17068924 24.85325737
7.673284333 16.64410637 34.71184475
21.92071389 29.17411941 21.35043632
14.85228365 21.04465305 22.37212199
29.00770282 19.51395069 17.45821326
42.79869423 34.47565284 13.31335772
13.58019396 35.64132177 11.88433962
28.83660865 2.641118687 47.31991067
10.2578059 37.26321502 22.35619282
24.18344627 38.65922454 12.14255714
37.54064912 22.54505503 30.00255569
43.26966817 8.448203762 9.829682678
15.06393283 33.40516986 39.16730154
23.18751151 28.98019168 34.62554377
38.1746168 5.463067135 26.50175431
23.73615769 36.53465785 47.04580388
45.86365755 32.17505833 25.51952675
20.4787148 21.23957497 4.583156916
33.3851414 32.4535541 9.675924035
17.05107438 29.3964147 26.3665755
30.58237013 31.91604293 46.54357254
10.64620377 47.50260685 42.45735372
9.266763111 4.487020593 46.06710812
16.2215364 13.32634116 40.92375189
24.39136041 18.26352638 26.95609416
39.29864987 14.473715 4.694199935
5.507087172 28.18405255 16.87911553
39.60567496 8.63685383 17.60069828
10.30927335 36.07463349 46.62714515
47.20223932 9.239219661 22.12167326
2.556927541 34.78140168 28.1159416
22.27543823 7.701958233 19.51877722
14.31965333 25.56725419 32.79572043
34.82779025 10.89086774 28.04755102
34.87079017 9.139094682 12.84620264
28.90825895 33.39636703 11.65220291
4.787306942 20.92170082 13.07557781
37.70594068 45.96915312 41.53987587
3.325300542 39.25990646 31.07511897
28.90887912 11.74958196 7.614066104
24.20834359 11.46795925 43.90095576
21.9744718 26.08943572 40.5919035
41.66257082 20.14244359 2.841350207
30.98631462 42.2167467 3.939721414
39.78194269 29.07715129 39.95338294
8.668185259 43.36856845 28.49323852
13.49751089 10.25476794 20.84396114
28.07400598 29.09936962 21.6350379
24.47733963 13.72086718 24.97998234
37.27236523 42.96707205 44.44225174
42.26683522 39.21600563 36.0577584
47.20126029 33.06467814 35.24986252
23.16242988 15.94482662 30.85334924
22.72314945 11.8563793 2.385889655
22.13667505 2.913828557 2.899329242
19.62990707 13.04018909 26.99525823
45.23827737 27.2973451 10.22315912
27.697684 25.92204527 24.23933172
31.5757266 12.12351301 44.11645696
2.569532124 47.30137727 10.61764764
40.84220907 36.72600171 46.9987303
44.86767481 2.99326983 22.35329554
15.11530988 39.67229501 27.99864475
14.91537023 25.03856169 26.28082274
47.64853027 10.92701857 8.663668571
6.881447218 14.67611535 16.5072822
11.24590472 35.00349826 7.71135916
32.03845203 20.38713858 46.10702641
41.40952874 28.82225298 11.19391631
4.978711078 9.381568784 8.514166856
42.21148879 39.01697758 3.941915679
45.73948043 5.174000642 9.296858032
8.177361153 4.918162336 14.45014415
17.05455345 35.05463239 33.37354561
1.930184584 46.48135378 16.27978987
20.05113337 37.81242289 44.81880092
18.81621309 17.77327596 21.29242828
32.08126326 43.32071885 20.45324689
40.49304162 33.4317623 25.34253388
32.73728995 2.883804682 9.532172267
34.18160429 2.503593718 45.93379735
32.55282629 43.83476867 11.03209328
21.49219287 19.66139636 32.3228782
24.93558424 24.02040582 11.47171752
35.14162806 22.55120887 2.822412537
29.23516411 40.90425465 38.86908602
10.83322084 3.053870856 11.22725664
4.340844493 15.6932966 46.36694952
29.07529287 16.96500381 46.26914277
4.15047319 16.9672492 12.72558415
46.8952424 44.23882742 18.22113864
5.566415644 13.83931197 22.05603274
25.19474231 4.74114897 18.36871361
24.42651632 48.33212106 14.50741204
36.71958747 33.47417022 18.74082831
21.72149986 44.2073007 13.20624463
7.475686879 33.98475044 4.248879817
14.10553769 13.90879539 3.940465693
28.521781 20.5604836 13.69397555
19.2040181 20.62043484 26.18336826
43.42091743 5.123371662 43.02285834
25.93912264 41.04417174 24.9851026
4.65352394 22.81878721 31.09061497
44.69021069 31.75380488 43.3394703
25.96358937 36.33681762 33.79374166
40.8249097 4.441731108 46.01680113
46.50396727 44.05026306 28.2025905
47.45387303 7.766029345 44.59367599
18.9963935 7.916930408 42.78635794
42.09697327 10.75505762 23.48897599
8.858783896 22.9737197 21.41499454
16.38583648 38.30701552 10.75795325
39.35787851 36.3027853 14.89908232
28.79600834 20.14829009 40.30564885
19.32990748 40.03702813 21.95227492
25.27347114 9.319173856 24.47826147
43.33853021 6.835493368 22.69416635
36.91500792 6.127550126 37.216232
8.434584228 2.602248604 23.69532003
29.70777086 24.14101935 10.4713702
9.386834457 19.67024927 46.45252516
18.30975267 24.95303685 31.68489402
24.76085484 31.52953914 47.59511618
11.41306357 34.09563272 41.37904397
25.77186795 9.761401571 28.29958039
25.051743 36.49654282 26.40719772
3.684097438 33.10572015 13.16606058
16.28743265 39.65468045 35.62821422
17.81853348 2.32303464 10.37670299
36.71902231 29.28346449 24.27567214
9.630350243 46.89687193 16.72902497
39.35233647 26.30907994 16.69012946
5.360502126 24.54712751 19.43494039
26.1165263 32.27398962 15.36107399
10.26337131 28.68670644 19.58014687
27.28798153 41.78917921 4.769856979
44.09922434 6.855468503 47.59319335
13.37975261 4.450269923 23.06153426
6.789951498 38.00941607 13.67376805
29.85402706 40.56137731 24.01628863
42.01325538 17.37226113 23.94150758
33.2883685 25.78801158 46.59019808
3.624064746 26.98431477 7.649175461
33.24240794 3.949197671 34.90327828
15.79263335 25.89357342 36.66408886
5.034228601 30.57585786 5.878716794
38.38438775 33.43443221 8.954518893
38.09652287 35.10874081 40.7233108
42.83960942 17.76519833 34.83484432
45.89610376 26.67339233 16.78330012
16.16754047 43.60035446 26.94920347
9.975526731 23.09940596 35.27488992
42.42361697 46.40415851 45.21681582
8.127967896 11.67142777 37.76214434
44.52645395 19.43396266 27.38477062
32.3150488 13.76184731 3.990958679
29.80570229 44.56980725 42.17562788
22.10747442 38.92413306 8.891523675
34.13313541 36.27499153 26.98419297
35.82566717 3.180958375 23.44248143
45.62960296 34.92330476 46.40883791
39.57526531 10.35961725 30.27734183
36.74363935 7.792983858 30.01516553
42.1896801 47.58630404 37.82148806
3.1998401 18.62315253 3.250942293
39.35882733 20.45808797 38.8970067
2.848386529 24.38548094 26.83952582
