// ================================================================================
// CHRONO WORKBENCH - github.com/Concrete-Chrono-Development/chrono-preprocessor
//
// Copyright (c) 2023 
// All rights reserved. 
//
// Use of the code that generated this file is governed by a BSD-style license that
// can be found in the LICENSE file at the top level of the distribution and at
// github.com/Concrete-Chrono-Development/chrono-preprocessor/blob/main/LICENSE
//
// ================================================================================
// Tetrahedra Data File
// ================================================================================
//
// Data Structure:
// Node 1 Node 2 Node 3 Node 4
// Note: Node numbers are zero-indexed
//
// ================================================================================
405 403 502 404
101 127 885 1021
752 854 897 1131
9 10 98 877
902 817 839 903
680 897 722 974
527 572 539 1036
146 255 223 1039
75 28 102 732
307 306 359 564
644 611 593 1143
760 733 713 1098
973 1097 1133 1045
777 1000 832 901
680 720 1041 816
139 234 644 152
668 634 1023 890
453 384 385 861
64 63 513 65
418 512 417 54
762 674 1148 1027
63 64 513 306
471 425 413 917
1024 837 814 683
16 104 1125 781
255 223 965 763
1140 926 992 697
58 302 60 59
63 62 64 306
65 116 565 39
10 127 109 758
522 563 512 803
677 1145 1016 1144
451 641 914 744
858 1093 1046 691
268 145 233 344
919 721 694 719
649 826 754 1106
829 1136 742 864
1122 797 725 865
817 321 1069 849
445 388 693 1133
38 37 36 599
599 632 620 794
298 299 760 713
567 555 506 788
619 621 753 909
467 399 914 1004
506 558 980 685
817 902 946 880
799 1115 908 1093
145 233 344 158
600 1050 790 1124
809 1082 1065 1035
762 670 702 840
333 347 703 871
475 446 432 699
889 817 849 1029
1110 770 920 941
951 218 988 718
772 882 711 1006
462 461 710 824
424 885 757 708
87 1 1121 833
46 49 938 1149
4 94 3 908
92 91 19 805
513 524 565 698
799 1019 1048 1072
1140 992 1078 697
401 166 165 896
902 817 946 889
671 886 700 970
533 555 567 788
659 620 598 1005
769 701 921 863
425 424 440 1004
1013 835 907 1021
524 564 503 812
945 736 916 1040
718 1053 883 952
754 700 1134 714
802 532 955 899
126 82 886 700
744 998 1058 953
1061 853 999 951
1101 334 1120 971
470 563 955 803
866 1019 717 884
203 202 718 765
17 492 550 781
853 251 951 739
314 356 288 966
108 69 48 1013
454 931 1139 740
675 998 744 953
704 956 959 1068
204 246 168 1090
28 73 960 732
650 662 603 1105
430 442 429 857
5 902 1074 903
610 613 1043 712
1100 1145 848 715
632 633 1103 1070
102 29 346 732
796 678 894 938
69 129 1013 1021
173 357 248 195
521 1049 802 686
835 757 907 1021
528 527 832 1080
378 385 481 861
505 508 747 957
312 371 297 1126
569 1080 901 717
1032 768 1020 1135
484 519 1008 750
550 576 523 781
19 2 1009 1109
487 542 1000 745
95 47 96 878
292 342 294 812
507 567 788 806
724 1096 784 766
940 954 1108 1087
680 974 1148 791
213 234 1143 1086
494 489 745 793
222 210 224 763
64 513 306 307
79 122 1048 1072
705 866 717 1147
569 537 1080 717
545 170 231 501
249 559 161 498
406 710 692 725
1134 819 727 984
928 961 1089 776
465 155 156 390
758 1013 907 1021
996 737 954 1056
462 406 409 725
241 136 1137 808
696 1128 805 1109
412 605 411 182
326 290 918 748
328 315 1062 815
1053 515 773 952
254 228 138 702
155 156 390 157
158 160 159 279
399 425 440 1004
853 133 999 780
1095 900 888 1001
962 945 1002 1046
183 243 154 654
696 1049 989 870
1094 912 836 830
956 782 701 921
700 878 1134 727
1013 779 835 1021
975 737 1127 996
704 434 956 701
1095 852 739 718
86 123 819 727
646 454 381 391
821 826 859 1011
878 119 1085 727
228 215 791 702
942 729 881 862
222 224 1132 763
627 597 914 859
67 708 917 687
334 322 1101 1120
521 534 531 802
945 868 962 985
1088 862 816 1083
591 635 579 1071
760 1016 733 1107
660 620 608 794
57 55 512 54
536 501 1025 764
993 854 723 1131
378 474 1078 1076
605 411 181 1135
496 485 1138 978
1071 1023 1096 1041
123 876 819 727
1072 1052 705 719
331 332 798 1111
919 694 1048 719
170 231 501 171
775 964 933 694
193 511 304 194
783 855 706 1010
272 493 345 274
899 1094 1140 1078
520 566 893 936
272 493 825 963
493 345 274 552
997 1144 715 822
542 488 1000 745
709 855 804 1010
872 1069 798 775
699 693 973 1133
247 562 196 893
63 62 306 358
94 93 1115 908
520 519 750 764
823 868 1059 842
94 110 3 908
90 89 121 946
1127 943 1104 814
513 306 307 564
360 27 113 732
63 513 65 116
293 307 359 564
548 526 812 798
62 63 117 358
1136 829 891 960
63 116 1052 698
331 812 1069 798
153 593 154 1143
526 548 572 1037
110 106 691 1085
964 849 1029 775
503 293 294 812
320 366 817 880
513 65 116 565
129 48 1013 835
812 872 798 935
319 321 331 1069
117 62 358 44
524 564 812 698
758 1113 693 830
889 818 1048 719
678 1093 858 691
878 47 779 835
852 1095 838 718
330 340 269 979
99 90 946 880
220 211 811 709
667 909 1091 934
887 707 804 950
374 445 1133 751
76 77 1052 818
13 12 275 902
935 832 1080 721
1115 49 908 796
696 989 912 679
218 132 988 718
99 12 13 341
204 244 190 1090
548 526 503 812
1047 764 893 994
44 43 42 291
75 73 28 732
110 3 908 691
358 117 44 291
44 117 43 291
318 291 319 1069
889 1052 818 719
316 357 304 1054
90 89 946 818
40 41 100 1147
680 729 724 677
99 13 42 341
537 872 1080 705
80 91 92 1019
942 729 1126 785
145 268 233 144
570 488 832 901
314 960 864 732
119 47 878 1085
698 358 1055 818
85 73 130 891
1105 603 756 1003
680 1050 720 791
618 617 673 1011
1011 821 904 687
488 570 542 1000
543 567 507 806
342 548 294 812
371 296 1126 930
817 902 1101 1120
318 306 358 698
292 331 332 812
141 229 1073 937
757 885 1021 708
355 285 566 305
451 382 911 744
75 102 128 847
845 556 688 1067
1055 291 880 818
360 314 960 771
823 868 842 987
986 799 969 1093
900 951 810 988
93 122 80 1019
901 1080 719 717
283 947 815 936
12 102 14 275
124 91 1019 866
402 429 1113 734
852 439 838 879
681 973 991 1045
45 49 796 1149
818 89 1048 1072
1114 892 874 929
919 694 839 1048
115 660 61 771
971 903 906 871
342 548 273 294
744 911 931 824
99 12 341 902
788 806 992 1018
522 561 686 803
666 627 744 1058
250 178 179 723
492 576 550 781
802 955 1094 899
452 431 877 1113
837 584 714 927
132 251 218 951
993 689 723 1137
198 200 1033 776
327 337 365 1142
948 1115 1093 1117
635 591 634 1023
691 1085 727 984
1069 872 889 775
814 837 1006 683
861 456 774 1118
1015 1127 943 1104
597 400 398 914
1097 1133 1045 692
359 318 812 698
88 877 833 734
619 623 909 927
436 401 852 896
319 291 320 1055
488 542 487 745
1138 950 1022 728
143 268 144 1044
827 1097 682 1084
853 141 739 937
685 834 850 981
517 577 845 807
250 238 674 723
866 1125 884 781
1120 1101 971 903
951 1095 739 718
954 975 1056 1045
93 80 92 1019
542 541 553 1000
675 625 801 959
399 440 441 914
63 116 77 1052
772 1091 860 1006
43 42 291 880
493 548 273 1037
779 96 700 687
322 366 334 1101
359 318 292 812
487 542 558 1000
547 41 100 15
1125 104 1128 781
989 1094 836 697
555 554 685 926
746 1059 919 694
889 1029 775 694
570 541 542 1000
866 492 717 1147
83 37 74 829
571 982 861 899
856 758 1013 907
704 421 740 1020
1029 1059 694 969
921 828 1108 1087
906 969 691 809
564 293 503 812
291 43 880 818
88 34 98 1057
617 618 594 1011
439 460 459 1060
377 387 827 1076
429 442 433 857
868 823 1059 933
758 907 1028 1021
39 41 40 504
49 45 938 1149
1140 788 992 795
969 691 809 943
653 582 867 922
812 318 1069 698
461 462 423 824
43 90 880 818
818 1052 1072 719
956 1032 768 1020
105 92 2 796
336 1014 831 849
867 737 1024 754
948 901 919 719
1080 872 721 719
948 919 1048 719
1048 818 1072 719
694 889 1048 719
489 576 884 793
737 1127 1024 754
424 397 885 708
377 376 378 1076
989 1049 926 793
522 521 531 802
17 104 550 30
31 561 32 118
104 550 1128 781
492 866 717 781
31 499 30 32
72 55 114 803
293 292 294 812
650 653 867 922
1094 926 1140 697
872 775 721 719
919 948 1093 1117
799 908 1074 969
861 474 899 1078
857 1121 912 734
982 533 802 899
214 674 1131 974
80 124 91 1019
758 109 856 1013
1061 853 951 739
223 222 1039 763
903 969 906 809
672 601 602 1003
105 94 1115 908
507 577 806 747
855 738 804 778
1027 712 820 977
523 576 1128 781
10 9 11 877
981 962 1117 870
499 523 521 1079
20 125 1128 805
141 239 853 739
773 883 1064 1026
207 1047 893 1054
9 386 11 877
98 452 877 1057
971 1120 903 871
469 430 402 1042
997 1144 822 1092
470 404 563 418
499 31 30 1079
15 16 492 781
445 388 444 693
523 550 1128 1079
926 1049 802 793
337 327 361 1142
767 804 1081 898
674 723 1131 1148
1023 860 1096 1041
716 875 1086 1130
432 699 693 830
681 954 749 1108
56 469 114 803
56 55 417 803
497 529 773 1026
129 47 938 835
365 326 1099 1044
131 236 176 892
394 383 551 456
387 377 827 730
388 693 1133 751
453 384 546 403
87 120 1 833
31 499 561 686
991 856 894 907
31 20 1128 686
729 724 677 1126
567 543 788 806
641 451 911 744
395 394 551 456
139 585 644 840
199 156 232 928
493 272 825 1037
120 10 758 877
487 494 745 793
920 744 1058 953
1094 1078 836 697
955 1094 899 1078
477 431 432 1113
405 502 470 404
696 679 1117 870
1052 698 1055 818
9 452 386 877
109 69 1013 1021
857 686 1121 734
141 229 219 1073
211 208 220 811
502 470 404 563
989 926 802 1094
546 453 403 502
403 453 405 502
737 1127 996 1024
34 33 35 1057
96 126 878 700
561 57 32 118
561 118 686 803
993 854 722 983
10 386 758 877
55 56 417 54
1019 948 884 805
246 192 657 1090
1116 888 755 1018
440 441 914 941
512 55 417 54
499 31 561 32
118 72 686 803
563 418 512 417
563 470 418 417
921 1122 1108 1084
55 512 417 803
120 10 109 758
118 55 72 803
56 469 33 114
926 982 899 1140
55 57 512 118
512 57 561 118
758 88 877 833
33 34 1042 1057
610 624 1043 801
681 1097 692 1108
1019 866 1125 805
412 655 392 464
955 433 857 1078
366 275 334 1101
385 384 491 861
431 1113 1057 734
1002 975 996 736
10 88 98 877
942 990 1063 881
31 561 118 686
802 1049 955 686
948 1009 1117 870
397 457 389 885
718 203 952 896
989 981 679 870
1049 989 1094 857
834 948 981 870
120 88 10 877
1113 912 833 734
431 402 1113 734
576 578 523 1079
1078 992 827 697
208 171 207 1047
91 92 1019 805
387 378 774 851
617 616 821 1011
104 20 125 1128
10 101 386 11
801 625 1032 959
522 802 955 686
838 888 1060 730
452 431 1113 1057
1049 884 793 870
88 98 877 1057
35 452 9 98
35 452 98 1057
1121 696 912 833
45 0 108 856
313 314 864 732
693 991 907 1028
152 153 593 154
751 1045 1110 757
238 217 674 1131
1132 810 1039 1051
45 49 105 796
980 795 1102 957
448 434 422 928
1096 790 784 910
1071 1023 683 1096
554 534 494 793
291 319 1069 1055
872 889 775 719
275 367 334 1101
104 16 17 781
883 773 1064 841
675 959 931 740
867 998 1105 953
1000 487 745 685
921 1122 731 1108
436 852 838 841
874 755 767 759
857 1113 912 830
417 470 430 803
1104 905 1065 916
101 457 11 24
434 419 422 704
80 78 866 1072
491 571 543 982
124 78 100 866
523 578 521 1079
898 923 957 978
436 401 437 852
912 696 679 844
41 40 504 1147
688 1039 765 1051
176 180 689 892
1138 923 898 978
738 929 925 741
499 550 523 1079
1113 432 693 830
122 94 4 908
256 146 223 1039
1113 857 912 734
980 1000 1066 685
946 902 889 839
471 111 708 917
16 124 100 866
133 240 853 999
656 112 52 917
402 33 1042 1057
368 337 930 997
639 602 675 1003
522 512 561 803
836 1078 1097 697
199 156 928 1033
545 490 536 1025
379 141 1089 937
366 341 902 880
538 705 717 1147
738 983 778 706
474 385 378 861
117 77 43 818
696 805 1009 1109
1056 940 1045 1110
894 835 975 907
452 477 386 877
860 909 683 927
7 126 886 876
629 826 859 1058
1122 797 1060 873
398 451 380 641
758 1113 912 833
812 526 872 935
586 666 911 744
360 113 960 732
878 46 938 1085
622 635 634 1023
784 695 910 977
1019 1115 948 1009
993 784 722 1148
308 1100 942 862
489 492 717 781
342 548 812 798
109 108 856 1013
1136 891 819 984
920 744 953 1068
1049 989 857 1121
1113 758 912 830
648 1071 683 1096
632 599 1070 794
51 50 52 607
820 790 1124 1003
576 489 494 793
757 1045 907 1028
101 127 758 1028
571 533 543 982
20 104 31 1128
948 901 834 919
176 131 892 780
961 769 701 921
550 523 1128 781
973 693 991 907
386 101 457 11
91 125 19 805
469 430 1042 803
68 101 885 1021
693 758 830 991
15 492 17 781
1095 838 718 841
66 757 1021 708
110 908 1149 1085
751 424 885 757
1128 1125 884 805
323 311 1100 930
132 131 780 810
550 30 1128 1079
758 912 830 991
699 973 836 1097
919 1093 962 1117
726 695 1112 1040
1024 922 683 1096
2 92 1009 796
616 607 658 821
144 134 252 1012
84 83 86 891
1023 676 1091 860
926 850 1140 992
641 627 914 859
669 625 675 931
25 397 24 26
607 50 414 413
1077 888 846 1060
757 66 1021 904
948 834 884 870
87 34 88 1057
244 354 1083 976
441 451 914 744
321 319 817 1069
29 286 346 732
684 754 1106 700
413 425 1004 917
514 515 529 1053
120 88 758 833
166 401 468 896
833 1009 844 796
535 484 1008 978
441 473 382 744
770 1106 1011 904
257 227 840 875
891 85 727 984
691 678 1149 1085
656 112 23 52
440 914 1004 941
414 607 413 658
1094 955 857 1078
673 628 1106 1011
1019 948 1072 719
1009 1115 1117 796
678 858 1149 1085
948 901 719 717
626 617 821 1011
123 95 876 727
891 86 819 727
998 629 1058 867
1004 425 708 917
648 636 637 837
471 26 111 53
1056 684 995 904
70 779 1021 904
50 51 53 413
662 650 867 1105
51 50 607 413
479 449 379 913
587 583 664 970
96 82 700 687
672 613 712 1003
784 680 722 1148
985 681 679 1002
352 266 713 786
281 595 661 1088
961 853 739 879
407 408 472 797
699 1078 836 830
604 648 922 790
67 112 21 687
708 1004 821 770
413 414 658 467
744 826 941 1058
414 658 467 400
797 439 838 1060
746 1000 834 1066
710 1110 920 941
12 13 341 902
1008 887 898 950
779 684 1056 904
838 888 730 841
642 587 1103 876
1073 218 718 896
984 943 814 882
1105 867 953 756
251 218 951 739
1123 738 709 1092
737 940 1056 920
447 376 377 1076
1032 609 768 1135
539 496 1022 963
1097 1078 827 697
998 638 675 744
605 412 411 1135
442 433 955 1078
484 495 519 1138
586 380 381 911
515 560 773 952
369 312 676 942
286 278 346 732
322 335 364 849
629 628 826 1058
668 647 990 881
102 12 128 847
1029 964 775 694
1127 905 996 1024
319 817 1069 1055
397 25 24 885
676 1023 890 729
684 975 1056 995
850 992 697 1116
708 66 904 687
540 527 539 1036
112 51 52 917
328 327 325 918
886 673 1106 1011
905 1024 814 683
608 58 59 771
651 652 612 762
1036 935 777 832
458 374 445 1133
753 619 742 794
594 112 23 656
679 681 844 1002
689 1061 874 1112
380 451 382 911
217 237 752 1131
674 1131 974 1148
671 587 886 970
69 108 109 1013
1117 679 844 1002
23 594 22 21
616 656 821 687
457 397 24 885
221 230 1012 1044
725 1122 1084 873
156 242 1146 768
606 300 353 1088
837 1006 683 927
112 594 23 21
48 129 938 835
753 909 1091 1006
574 543 544 806
16 866 1147 781
835 684 975 1056
1078 699 1097 827
691 1134 984 943
944 992 851 1118
401 427 468 896
671 589 754 1106
956 782 959 1068
628 626 826 1011
954 681 1045 692
108 45 856 1013
367 334 1101 971
425 424 1004 708
777 1066 1081 923
844 681 894 1002
67 66 708 687
616 607 821 917
467 1004 821 917
37 599 660 829
130 73 1136 891
51 53 413 917
814 984 882 1006
464 393 420 1020
645 22 103 6
589 628 826 1106
81 67 21 687
622 636 909 927
21 594 886 687
617 628 673 1011
8 6 587 7
754 826 995 1106
346 278 971 732
594 618 886 1011
36 642 599 1070
40 78 705 1147
112 656 594 687
70 81 779 904
103 645 6 7
6 645 587 7
397 25 885 708
664 587 970 1103
647 595 1063 881
958 1007 733 766
386 478 885 1028
968 850 1116 1018
606 661 615 1119
663 762 1050 1124
762 612 712 1124
643 340 289 934
642 8 97 36
27 29 28 286
1114 900 735 767
1029 694 839 969
215 217 214 674
829 1136 891 742
753 909 1006 927
38 115 660 61
608 660 794 771
864 753 794 1005
819 1103 1070 742
620 608 794 771
1131 993 722 1148
875 769 813 863
116 513 565 698
296 361 1142 997
329 314 288 966
267 321 849 1111
37 38 115 660
38 37 599 660
287 659 356 303
600 604 603 922
14 102 346 275
660 599 620 794
953 675 782 1068
654 243 768 1135
821 708 904 687
903 1074 847 691
37 97 36 1070
60 360 27 113
58 302 59 771
723 238 1131 1137
753 619 794 1005
620 608 771 1005
287 598 288 1005
18 130 128 847
876 84 819 1070
634 591 668 1023
574 543 806 1118
608 58 61 59
620 659 608 1005
386 10 11 877
872 1052 1069 889
287 659 598 1005
653 650 603 1105
251 141 219 1073
73 83 829 891
314 360 960 732
102 29 14 346
619 620 794 1005
959 675 931 1139
839 1029 969 903
658 467 821 917
60 360 113 771
107 106 1085 727
229 164 165 1073
350 351 676 785
798 872 775 935
76 77 40 1052
71 686 1121 1109
906 903 847 691
1012 869 709 1092
787 825 1022 728
852 1073 718 896
13 12 14 275
431 477 877 1113
257 226 875 1086
597 658 914 821
300 309 353 1083
88 120 758 877
99 43 90 880
1100 308 942 1126
269 271 270 588
932 921 749 1087
774 773 1064 1026
817 1055 880 889
715 268 1099 1044
75 73 732 847
1127 905 1024 814
1046 858 691 943
128 12 5 847
287 598 289 288
437 476 852 937
1063 280 862 1088
960 1136 864 732
12 90 121 946
548 503 294 812
266 713 786 1075
667 622 634 909
293 359 292 812
1069 1052 698 1055
313 278 286 732
799 919 839 1048
291 42 341 880
291 341 320 880
958 823 1031 1007
637 636 665 837
716 1130 1032 956
78 866 1072 1147
425 399 467 1004
253 224 811 792
914 467 1004 821
1025 501 965 707
1059 945 1007 842
97 642 36 1070
634 622 1023 909
868 746 1059 919
966 800 1091 934
961 853 1061 739
753 966 1091 934
124 80 78 866
760 733 706 713
998 662 867 1105
1071 648 1050 1096
660 115 829 794
635 648 579 1071
371 311 338 1126
524 565 698 705
370 1062 728 786
850 868 985 981
99 12 902 946
48 45 1013 938
625 624 801 1032
452 9 98 877
1128 20 805 1109
446 458 445 699
453 405 502 955
127 101 885 1028
1000 834 1066 685
1055 1069 889 849
546 571 491 861
598 620 619 1005
999 1061 967 776
144 259 1012 822
121 5 946 1074
592 393 391 392
910 790 820 756
814 882 761 683
970 1103 876 714
625 592 1032 740
948 1048 1072 719
342 292 332 812
122 80 1019 1072
866 1019 884 805
80 124 1019 866
359 293 564 812
946 839 1048 1074
111 67 708 917
439 436 852 838
886 1106 700 687
920 737 953 995
993 784 726 722
340 271 643 289
566 511 304 305
825 798 775 935
315 328 918 815
597 641 627 914
858 878 938 1085
772 800 1091 924
1144 1145 997 715
589 649 754 1106
250 238 217 674
483 387 774 1064
219 229 165 1073
867 737 754 995
864 753 1005 966
12 5 902 946
607 51 413 917
580 591 579 1071
621 753 1091 934
837 1024 922 683
388 478 693 1028
703 849 1120 1029
741 767 1081 987
690 295 972 1107
890 942 729 881
965 688 915 763
401 450 437 852
216 237 149 752
256 151 235 1039
453 546 861 899
621 619 622 909
744 675 953 1068
555 558 506 685
393 1032 740 1020
261 205 752 897
438 387 483 1064
675 744 931 1139
609 654 768 1135
1043 716 1032 768
165 218 1073 896
690 772 676 860
716 1130 1033 863
7 97 123 876
227 250 217 674
659 303 608 771
914 744 859 941
788 806 1140 992
680 677 897 816
1008 887 915 898
629 626 627 859
1125 866 884 805
532 533 571 982
402 431 452 1057
885 68 1021 708
888 992 730 944
601 672 712 1003
854 752 897 1144
156 390 157 455
458 445 699 1133
594 616 1011 687
68 101 25 885
387 459 730 1064
1056 940 1110 920
806 1001 747 807
625 639 675 801
547 538 717 1147
866 1019 1072 719
184 411 181 182
333 703 1120 871
441 473 744 941
788 806 1018 795
770 826 920 941
139 234 138 840
690 703 1038 1107
1050 1071 1096 680
144 822 1099 1044
47 46 878 1085
591 580 590 1041
883 944 1026 807
908 1074 969 691
762 1050 790 1148
729 720 881 816
215 254 674 702
205 214 897 843
590 595 647 881
489 569 745 717
647 282 990 1063
272 493 274 1037
191 190 606 192
318 319 331 1069
1032 716 956 768
217 215 254 674
113 360 960 771
476 439 437 852
591 668 1023 1041
1043 716 801 1032
160 244 354 189
631 585 640 702
1130 1027 712 820
782 953 756 1003
657 843 1090 1119
634 667 1023 890
354 309 1083 976
330 362 800 979
1024 922 1096 790
407 408 797 725
690 906 1038 871
209 208 210 811
643 979 934 890
356 302 771 1005
969 903 906 691
699 445 693 1133
621 598 753 934
636 837 683 927
639 638 669 675
591 635 1071 1023
932 905 910 756
663 652 651 762
524 503 525 872
613 1043 712 801
288 356 1005 966
595 280 281 1063
364 267 321 849
837 1127 814 714
689 892 808 929
930 1100 848 715
282 343 990 1063
214 897 843 974
197 198 716 1033
421 393 740 1020
752 854 1131 1137
777 1036 743 787
1059 823 1031 933
676 690 860 724
658 413 467 917
401 436 427 896
913 739 879 937
309 862 1083 976
355 815 893 936
1122 682 1084 873
77 117 1052 818
921 749 731 1141
420 464 1020 1135
716 1130 801 1032
243 153 154 1143
335 333 703 1120
948 799 919 1093
969 986 1046 809
817 366 902 880
322 321 817 849
1093 969 1046 691
27 360 286 732
806 944 1018 1001
751 940 1045 692
973 699 836 830
843 1083 1090 1119
854 726 1123 983
1136 906 984 882
729 1100 677 816
238 674 723 1131
986 1082 1059 945
268 145 143 144
1094 857 912 830
822 997 1092 1099
528 488 1080 901
205 216 752 897
252 1012 709 748
615 1088 843 1119
168 596 228 791
1014 336 703 849
724 680 677 722
149 752 1137 869
615 661 1088 1119
568 535 1025 1008
543 982 788 1118
1002 894 975 1045
101 457 24 885
1140 861 851 1118
554 555 533 926
548 493 572 1037
278 971 732 711
762 674 1027 840
696 989 1121 912
555 506 788 795
753 598 1005 966
675 998 953 1003
105 93 92 1115
1142 760 706 713
886 594 1011 687
468 427 952 896
799 122 1048 1074
909 1023 1091 860
716 956 768 1033
854 897 722 1144
985 736 1040 1030
344 158 159 279
323 309 848 862
1041 720 729 816
677 1016 722 1144
1142 760 997 706
233 344 158 159
854 752 1144 822
930 368 997 715
680 720 816 974
704 421 1139 740
354 244 190 189
720 614 881 1088
1145 1100 930 715
581 580 1050 791
314 864 966 924
153 243 716 1143
1110 751 757 941
772 690 882 860
28 27 286 732
732 971 906 711
194 247 196 893
1100 942 729 1126
787 825 728 786
860 761 683 1096
942 369 990 890
636 665 837 927
648 579 1071 1050
31 1128 1079 686
312 369 310 942
192 167 246 657
167 657 596 168
234 644 1143 1086
218 251 219 1073
744 627 859 1058
544 543 507 806
156 390 455 928
1116 992 888 1018
181 411 242 1135
190 606 1090 1119
205 204 843 976
677 1100 1126 1145
301 281 661 353
999 1061 951 780
190 354 189 300
191 301 606 300
190 191 606 300
279 324 848 715
661 606 353 1088
668 647 588 990
191 190 189 300
244 354 190 300
897 680 816 974
324 930 848 715
680 729 677 816
270 269 588 990
606 301 661 353
301 606 300 353
1088 300 1083 1119
606 300 1088 1119
308 310 942 1126
419 421 423 704
1145 1144 848 715
324 368 930 715
205 897 848 976
615 614 720 1088
76 89 818 1072
269 343 369 990
848 897 843 976
574 806 1026 1118
169 167 596 168
619 623 622 909
749 736 731 1040
535 484 519 1008
647 270 588 990
940 692 725 828
242 465 155 156
726 784 766 722
888 900 1077 755
167 246 657 168
580 591 1071 1041
168 169 228 640
421 480 423 704
670 585 702 840
183 181 243 654
434 419 704 1020
393 592 1032 1135
269 270 343 990
945 985 736 1040
974 674 1148 702
752 897 1144 715
864 313 732 924
881 1063 862 1088
736 996 1104 916
596 168 228 640
228 169 137 640
663 631 791 702
640 228 791 702
48 69 129 1013
201 199 853 776
596 169 168 640
228 137 585 640
797 407 961 913
892 689 874 1112
782 675 801 959
784 790 1148 977
137 585 139 138
611 1043 1086 712
808 869 1123 709
762 670 840 1086
959 704 1139 740
674 1027 840 875
284 500 552 947
940 710 920 1068
137 228 585 138
695 769 689 1112
1024 922 790 756
713 789 1075 1098
689 180 1137 808
611 670 762 1086
234 257 840 1086
1043 716 1143 1086
644 234 840 1086
655 609 1032 1135
951 132 780 988
790 680 784 1148
138 254 702 840
356 287 288 1005
229 450 164 1073
476 913 879 937
382 480 931 824
723 993 1131 1148
602 601 603 1003
462 409 710 725
234 644 152 1143
806 788 1140 1118
932 737 996 756
199 928 1089 776
179 176 180 689
1033 956 701 863
132 133 251 951
253 811 925 792
83 84 829 891
784 993 723 1148
238 250 179 723
644 585 670 840
224 1132 763 792
393 419 420 1020
450 401 164 1073
424 440 1004 941
735 688 767 898
659 356 771 1005
646 625 931 740
218 165 203 896
628 826 1058 867
625 675 931 740
773 529 883 1026
73 85 83 891
245 468 185 952
549 163 235 148
676 1023 1091 890
655 393 392 464
480 454 931 1139
666 641 911 744
1030 1116 888 755
350 676 979 890
239 141 853 1089
242 465 1146 768
1071 591 1023 1041
34 1042 1057 734
593 611 1043 1143
1031 1014 933 789
393 592 391 740
770 821 826 859
166 468 245 896
961 769 1061 776
450 142 229 164
760 1145 930 997
218 951 739 718
628 649 826 867
782 1130 956 959
1004 821 770 941
846 1077 838 739
177 201 240 853
712 820 1003 801
652 600 601 1124
655 605 609 1135
665 584 837 927
874 1112 755 759
975 835 1056 907
592 655 393 392
258 239 853 1089
1039 688 765 949
156 1146 928 1033
921 1122 865 1141
411 605 181 182
411 184 181 242
268 715 822 1044
621 598 619 753
1027 840 875 1086
996 932 910 916
605 183 181 182
726 958 1040 759
790 820 756 1003
183 605 181 654
585 138 702 840
639 602 638 675
840 257 875 1086
922 648 683 1096
852 773 896 841
184 242 465 155
411 184 242 465
875 1027 1086 1130
203 1053 718 952
489 487 494 745
736 749 731 1108
257 227 138 840
996 905 1104 916
710 940 692 725
601 712 1124 1003
420 419 1146 1020
1023 860 683 1096
352 299 713 1075
181 242 768 1135
663 652 762 1124
407 448 961 913
866 16 1125 781
459 838 1060 730
422 434 704 701
1053 773 883 952
454 381 911 931
434 956 1146 1020
580 1071 1050 1041
990 647 1063 881
1077 888 755 846
655 592 393 1135
838 797 1060 879
140 379 142 141
156 157 232 455
913 961 853 1089
310 312 942 1126
782 1068 701 921
674 762 702 840
716 212 1143 1086
147 490 545 231
390 435 455 928
867 1105 922 756
95 119 878 727
914 441 744 941
152 644 593 1143
913 379 1089 937
852 476 879 937
932 905 996 910
666 638 998 744
25 68 885 708
479 448 449 913
157 140 232 455
215 974 791 702
198 200 716 1033
259 206 261 715
670 651 612 762
1069 1052 1055 889
439 436 437 852
389 375 424 885
363 831 825 1111
415 468 185 187
313 263 711 924
769 782 813 863
905 1127 996 1104
475 447 446 699
490 568 536 1025
559 185 952 249
799 122 1019 1072
1073 450 852 937
932 695 749 813
460 463 459 1060
788 806 795 747
633 632 599 1070
985 850 697 1116
975 737 1056 995
585 139 138 840
222 150 223 1039
151 810 988 765
185 559 952 510
956 782 921 863
434 435 1146 928
1136 829 960 864
150 256 223 1039
1078 376 827 1076
811 707 709 925
1036 541 832 743
454 480 421 1139
377 463 827 873
973 836 681 991
679 696 1117 844
721 775 694 719
156 198 768 1033
469 417 430 803
838 846 739 879
577 544 507 806
1136 906 882 711
854 723 1131 1137
1146 156 768 1033
1130 801 1032 956
170 147 545 231
827 1097 697 682
944 774 1064 1026
1133 751 1045 692
710 744 920 824
700 970 876 714
648 1050 1096 790
76 78 1072 705
989 857 1121 912
647 282 270 990
322 817 1101 1120
22 645 103 886
956 704 959 1020
712 1130 820 801
140 455 379 1089
8 642 97 876
691 984 809 943
527 572 1036 935
1122 921 731 1141
49 94 105 908
905 910 766 916
474 443 899 1078
153 243 197 716
120 758 856 833
681 894 1002 1045
885 127 1028 1021
626 597 627 859
45 108 48 1013
91 1019 1125 805
521 578 1049 1079
810 151 1039 765
424 375 751 885
1068 744 1139 824
83 85 86 891
229 450 1073 937
253 135 808 925
47 878 938 835
565 1052 698 705
382 454 381 911
1081 923 1102 898
474 443 861 899
438 838 730 1064
323 324 930 848
625 639 669 675
177 201 853 999
829 960 864 794
942 1100 729 862
902 275 971 847
434 448 435 928
914 597 821 859
199 258 853 1089
488 569 901 745
655 412 605 1135
629 666 638 998
1127 684 754 995
1014 1059 1031 933
1095 718 883 841
205 216 261 752
854 993 723 1137
87 88 833 734
888 1122 1060 730
42 99 341 880
390 156 1146 928
244 354 300 1083
159 344 279 715
512 563 417 803
1095 883 944 841
479 455 928 913
448 479 928 913
1095 888 1077 838
245 468 952 896
689 993 1112 929
762 611 1086 712
696 1049 686 1121
410 406 692 725
435 479 455 928
232 156 455 928
511 566 304 893
150 222 131 1132
337 365 1142 997
401 166 164 165
385 481 861 774
773 428 774 1064
364 336 267 849
1052 117 698 818
992 730 944 851
1049 534 802 793
850 1140 992 795
488 569 1080 901
202 151 988 765
1145 760 1016 997
459 438 730 1064
932 820 782 756
409 406 408 725
853 961 1061 776
693 758 991 1028
218 203 202 718
1095 951 988 718
1081 804 923 898
1065 905 766 916
992 806 944 1018
427 773 952 896
451 399 441 914
559 185 188 510
273 272 274 1037
850 992 1018 795
449 407 472 797
151 150 810 1039
568 486 484 978
758 856 833 991
497 466 773 560
249 559 185 188
275 346 971 847
396 416 466 560
468 245 185 187
988 1095 718 1129
438 436 838 841
236 222 224 1132
900 1095 951 988
1022 787 728 1017
1129 765 1051 939
259 149 134 822
872 1080 705 719
746 1000 901 834
327 326 325 918
186 415 185 187
468 166 245 187
1065 761 1035 766
874 1114 929 759
718 852 896 841
808 135 709 925
559 249 161 188
601 600 603 1124
823 933 895 789
804 855 1017 1010
186 415 416 510
415 186 185 510
185 186 188 510
872 524 698 705
295 785 760 1107
663 581 1050 791
790 1050 680 1148
401 165 1073 896
416 415 466 560
415 416 510 560
387 774 1064 851
1140 861 1078 851
780 132 810 988
768 420 1020 1135
746 868 1059 933
466 396 497 395
396 394 497 395
1013 48 938 835
466 396 560 497
162 498 235 765
541 527 1036 832
272 342 332 1037
569 901 745 717
443 453 861 899
384 383 385 491
140 232 455 1089
1019 948 717 884
164 401 165 1073
806 944 1026 1118
1130 801 956 959
550 499 30 1079
537 524 872 705
394 497 395 551
450 401 1073 852
374 373 751 710
445 388 1133 751
551 383 491 456
383 385 491 456
0 120 108 856
616 821 1011 687
534 521 1049 802
569 488 489 745
892 1061 999 780
108 120 109 856
109 120 758 856
130 75 128 847
384 453 546 861
415 466 560 952
385 491 456 861
950 1022 728 1017
968 1066 795 1102
533 567 543 788
602 998 675 1003
516 575 549 949
710 940 725 828
559 515 498 1053
428 483 774 1064
395 773 774 1026
594 22 21 886
136 225 869 808
491 571 982 861
385 474 443 861
1034 875 863 967
629 628 1058 867
884 1128 805 870
832 528 1080 901
125 91 1125 805
1077 1095 838 739
956 782 1068 701
629 666 998 1058
955 522 686 803
677 680 897 722
642 633 599 1070
10 101 127 758
920 953 782 1068
1130 782 801 959
327 349 361 1142
533 554 926 802
627 641 744 859
749 921 1108 1087
547 538 492 717
981 850 697 679
227 217 254 674
905 996 910 916
558 487 1000 685
724 1035 733 1107
885 751 757 1028
292 331 812 1069
953 932 782 756
694 889 839 1048
482 422 704 701
317 345 1062 947
765 688 1051 939
161 249 498 162
426 483 428 1064
267 336 831 849
141 251 739 937
901 746 834 919
638 602 998 675
1025 1008 707 915
163 161 498 162
0 2 1009 796
490 556 568 1025
489 488 487 745
1134 878 1085 727
868 834 919 981
249 559 1053 952
892 131 1132 780
985 850 981 679
926 982 802 899
968 767 759 842
718 988 1129 765
892 951 780 810
387 377 378 1076
265 370 825 786
358 291 1055 818
292 318 331 1069
90 946 880 818
252 135 1012 869
336 335 703 849
358 318 698 1055
783 855 1010 918
763 887 925 792
501 536 1008 764
163 498 549 235
498 163 162 235
735 688 1129 1051
810 900 988 1051
77 76 89 818
575 688 949 939
845 735 688 939
575 517 688 939
147 490 231 146
117 43 291 818
1031 733 1107 1098
684 1015 1127 1134
526 503 812 872
268 368 1099 1044
503 524 812 872
513 564 524 698
413 425 467 1004
172 170 501 171
306 63 358 698
998 1105 953 756
946 817 880 889
854 149 822 869
175 290 174 173
693 699 973 830
16 15 492 1147
230 175 290 174
880 946 889 818
306 359 564 698
318 1069 698 1055
536 535 501 1008
804 895 1081 923
300 190 1083 1119
760 724 1016 1107
946 902 839 1074
1144 1016 983 706
741 1114 767 759
421 480 704 1139
1013 856 894 938
767 887 804 898
384 546 491 861
320 817 1055 880
832 1080 721 901
1059 746 933 694
529 1053 773 883
18 128 5 847
28 29 102 732
133 132 131 780
902 99 946 880
381 586 911 931
29 28 286 732
1019 948 1048 1072
577 544 806 807
203 249 1053 952
366 817 902 1101
249 559 498 1053
513 306 564 698
1095 900 1001 1129
144 252 221 1012
834 1000 745 685
355 283 316 936
951 900 810 874
1043 716 1130 801
308 323 311 1100
20 19 805 1109
866 1072 705 719
1115 799 1019 948
595 1063 881 1088
0 120 856 833
299 1014 703 1098
37 115 74 829
1069 331 798 1111
696 1128 1049 805
668 591 590 1041
408 460 472 797
243 181 768 1135
335 336 364 849
1000 901 834 745
448 407 961 701
661 595 615 1088
345 284 274 552
1080 705 719 717
1029 1059 969 809
767 1081 842 1102
100 547 15 1147
279 159 715 976
738 1123 983 1092
321 1069 849 1111
501 172 171 562
290 173 357 1054
117 63 1052 698
358 117 291 818
564 359 812 698
795 747 1102 957
511 304 194 893
212 197 198 716
731 1040 1030 755
1014 336 831 1075
782 675 959 1068
159 205 715 976
835 779 1056 907
248 174 207 1054
493 572 825 1036
207 748 1047 1054
1052 872 705 719
1131 722 974 1148
495 552 947 963
222 1132 1039 763
690 724 785 1107
763 887 811 925
819 1103 742 714
678 1115 1093 1149
684 858 1015 1134
490 231 146 965
1115 678 1117 796
823 958 1031 733
224 236 1132 792
887 925 792 741
253 811 709 925
876 700 819 727
835 779 757 1021
185 415 510 952
499 31 1079 686
623 622 909 927
179 241 723 1137
511 193 304 305
355 566 304 305
171 172 247 562
1055 880 889 818
650 867 1105 922
733 823 789 1098
484 1008 1138 950
519 484 1138 750
743 777 787 1022
328 783 918 815
439 472 797 879
772 800 676 1091
503 526 525 872
1130 782 956 863
833 696 1009 1109
845 735 1001 747
318 292 812 1069
212 153 197 716
723 784 1148 977
20 1128 686 1109
486 485 484 978
296 760 930 997
964 831 789 1075
1082 1104 1065 916
882 809 1065 1035
800 676 1091 979
856 1013 894 907
104 125 1125 1128
265 363 831 825
341 13 275 902
893 1047 994 1054
862 848 816 1083
117 358 698 818
4 121 1048 1074
171 247 1047 764
689 176 892 999
331 332 812 798
308 323 1100 862
132 202 988 718
369 350 979 890
423 482 422 704
961 701 863 776
156 199 198 1033
311 338 1126 930
212 213 1143 1086
419 423 422 704
834 746 1066 868
912 1121 833 734
680 724 784 722
361 337 1142 997
179 176 689 999
690 882 761 1035
63 513 116 698
1103 876 819 1070
290 230 174 748
783 1017 918 815
218 132 951 988
476 379 913 937
230 144 221 1012
230 143 339 175
134 1012 822 869
590 580 720 1041
1126 297 785 760
216 752 897 1131
722 854 1144 983
887 707 811 925
144 268 822 1044
126 95 96 878
193 511 194 196
1040 1030 759 842
1100 1126 1145 930
720 630 843 791
809 1082 943 1065
339 230 175 290
345 370 1062 947
709 811 748 1047
248 207 194 1054
566 355 893 936
500 285 566 936
770 1110 995 904
958 726 983 778
452 431 477 877
1012 144 822 1099
231 545 501 965
935 777 832 721
750 520 893 936
1016 1144 997 706
715 997 822 1099
1017 1010 918 994
1047 748 994 1054
1016 724 733 1107
315 283 1062 815
965 1025 707 915
738 1123 925 792
1008 484 750 950
146 231 255 965
908 969 1093 691
823 1031 789 1098
1008 750 764 994
295 703 972 1107
337 365 997 1044
501 536 1025 965
1066 980 795 1102
210 255 965 763
231 501 171 965
490 146 949 965
172 247 562 196
207 247 194 893
535 501 1008 764
283 317 1062 947
501 171 707 764
982 533 926 802
707 171 1047 764
950 1017 815 994
357 304 194 195
248 357 194 195
304 193 194 195
37 36 599 1070
1061 951 874 1077
1110 757 770 941
492 16 1147 781
561 512 118 803
43 77 89 818
629 662 650 998
1046 1015 943 1104
341 366 902 1101
667 621 909 934
526 525 872 935
513 63 306 698
12 102 275 902
500 495 552 947
213 257 234 1086
674 1148 1027 977
882 814 1006 683
1082 986 1059 809
775 964 777 933
886 700 970 876
349 298 361 1142
426 428 773 1064
799 986 919 1093
457 478 389 885
1128 884 1049 870
475 376 699 1078
861 899 1140 1078
737 1127 754 995
366 341 275 1101
1110 1056 920 995
236 224 808 792
275 341 902 1101
909 621 1091 934
1045 1056 1110 757
662 629 638 998
319 320 817 1055
122 4 799 908
726 738 983 778
12 99 90 946
460 439 472 797
757 424 708 770
1052 872 1069 698
254 227 674 840
1014 964 831 849
788 555 685 926
751 1045 757 1028
114 33 34 1042
817 1069 1055 849
298 361 1142 760
78 100 866 1147
1002 975 1015 1104
319 322 321 817
1052 1055 889 818
757 885 1028 1021
67 111 51 917
341 99 902 880
891 1136 847 984
376 447 699 827
650 629 998 867
335 703 849 1120
809 943 882 1065
760 299 1107 1098
320 366 322 817
319 320 322 817
667 621 622 909
597 398 641 914
971 277 871 711
524 812 872 698
280 281 353 1088
94 49 110 908
477 877 1113 693
41 547 100 1147
43 99 42 880
935 775 777 721
366 322 817 1101
572 493 825 1037
342 272 273 1037
733 958 726 983
872 812 1069 698
104 550 30 1128
356 314 1005 966
621 753 909 1091
399 440 914 1004
217 214 674 1131
94 93 105 1115
1130 956 1033 863
267 266 265 831
122 93 799 1019
447 410 458 699
12 121 5 946
537 538 705 717
492 547 717 1147
121 946 1048 1074
212 198 200 716
507 567 506 788
1024 867 922 756
341 366 320 880
491 456 861 1118
399 451 398 914
280 595 281 1088
794 620 771 1005
964 1014 933 694
587 8 7 876
886 126 700 876
1061 951 846 739
798 332 825 1111
469 33 114 1042
243 154 654 1143
805 696 1009 870
551 574 1026 1118
203 245 952 896
622 636 635 1023
0 1 833 1109
106 691 1085 727
93 122 799 908
1052 872 698 705
968 850 1018 795
1039 688 965 763
125 20 19 805
744 710 920 941
465 420 1146 768
724 1126 785 760
597 626 821 859
906 971 871 711
16 124 866 1125
537 569 538 717
154 593 654 1143
330 340 979 934
112 594 21 687
502 405 470 955
938 46 1149 1085
631 640 791 702
940 954 1056 1045
93 92 1115 1019
93 1115 799 1019
538 504 705 1147
695 726 916 1040
314 864 771 1005
582 637 584 837
724 677 760 1016
944 888 1018 1001
581 663 1050 1124
544 529 1026 807
989 793 981 870
532 531 802 955
446 447 458 699
834 685 793 981
463 447 377 827
602 662 638 998
481 378 861 774
814 905 761 1065
905 814 761 683
116 565 1052 698
815 750 893 936
489 717 884 781
453 385 443 861
1128 576 884 781
334 277 1120 971
986 1082 945 1046
49 105 1115 908
49 46 110 1149
94 122 93 908
18 5 1074 847
585 663 651 702
778 823 895 789
63 77 117 1052
86 107 119 727
331 363 332 1111
1096 680 724 784
878 858 1134 1085
220 207 748 1047
506 788 795 747
433 857 1078 830
126 95 878 700
1063 942 881 862
733 823 778 789
1096 790 680 784
90 43 89 818
872 1052 889 719
1001 735 767 1102
703 1014 849 1029
318 291 1069 1055
658 467 400 914
1115 93 799 908
746 721 919 719
398 451 641 914
400 399 398 914
1100 729 677 1126
1036 527 935 832
752 854 1137 869
376 447 475 699
434 422 928 701
432 477 1113 693
834 1066 850 981
375 424 751 941
597 658 400 914
198 197 768 1033
1016 733 778 706
777 775 933 694
726 958 759 987
509 506 980 957
40 39 504 705
889 946 839 1048
626 629 826 859
505 557 845 1067
3 4 908 1074
533 543 982 788
467 399 400 914
775 889 694 719
218 219 165 1073
1068 704 701 828
84 97 37 1070
826 920 941 1058
681 1097 1045 692
860 882 1006 683
775 777 721 694
656 52 607 917
421 419 393 1020
801 1032 956 959
637 665 584 837
666 641 586 911
641 666 627 744
568 535 536 1025
858 1002 975 1015
820 1130 782 801
858 678 938 835
985 681 1002 736
959 704 740 1020
774 551 1026 1118
882 814 761 1065
555 554 558 685
203 249 162 1053
257 213 226 1086
1146 956 768 1020
133 176 999 780
512 55 118 803
378 387 1076 851
810 1132 1114 1051
931 959 1139 740
1122 725 921 865
421 454 1139 740
648 600 1050 790
176 236 180 892
131 150 1132 810
1141 961 1061 846
1049 802 955 1094
135 252 1012 709
260 201 967 776
316 304 893 1054
132 151 810 988
1066 685 850 795
808 253 925 792
916 736 749 1040
318 358 291 1055
817 1055 889 849
40 76 1052 705
133 131 176 780
133 853 951 780
359 306 318 698
797 449 913 879
887 707 915 811
222 236 131 1132
515 514 498 1053
825 1036 1022 963
19 92 805 1009
1014 1059 933 694
490 556 1025 688
1137 993 929 1123
853 913 739 879
506 507 788 747
432 445 444 693
258 199 232 1089
35 402 452 1057
718 1095 883 1129
466 427 773 952
518 514 807 939
988 1129 765 1051
823 958 733 778
249 498 162 1053
1008 1025 707 764
524 525 537 872
799 908 969 1093
363 267 831 1111
806 1018 795 747
176 892 999 780
1049 989 802 1094
1066 968 1081 1102
853 999 951 780
572 526 1037 935
259 134 144 1012
365 268 339 1044
825 572 1037 935
326 327 1010 918
230 144 1012 1044
1138 923 743 1022
1001 795 747 1102
709 1092 1010 1099
810 900 1114 874
266 265 831 786
889 1029 694 839
1025 568 978 1067
1082 809 1038 1035
496 1138 1022 963
738 726 741 778
525 537 872 1080
207 174 748 1054
63 117 358 698
535 536 1025 1008
1008 707 750 994
968 767 842 1102
1016 733 726 983
1059 986 919 694
291 320 1055 880
964 831 787 789
887 965 915 763
872 935 1080 721
1016 726 722 983
726 738 1123 983
839 799 1048 1074
89 946 818 1048
322 364 321 849
746 1000 777 901
923 777 743 1022
336 335 347 703
733 760 1107 1098
548 342 273 1037
299 336 347 703
332 342 812 798
849 817 1120 1029
799 948 919 1048
345 370 947 963
568 535 1008 978
533 555 788 926
321 331 1069 1111
485 923 1138 978
370 1062 963 728
173 174 248 1054
526 812 798 935
1031 1059 1038 1007
541 527 540 1036
3 18 1074 691
336 299 1014 703
798 825 1037 935
268 368 715 1099
984 809 943 882
556 568 688 1067
572 825 1036 935
1007 945 1040 842
363 267 265 831
342 548 798 1037
1014 964 849 1029
735 845 898 957
332 798 825 1037
335 333 347 703
360 314 286 732
760 1016 997 706
822 715 1099 1044
1088 816 843 1083
217 238 237 1131
272 332 825 1037
262 295 264 972
325 326 290 918
1022 825 963 728
980 1066 923 957
45 105 2 796
322 335 849 1120
777 746 721 694
570 541 1000 832
831 267 849 1111
817 322 849 1120
812 872 1069 798
488 570 1000 901
73 1136 960 732
333 334 277 1120
322 334 333 1120
335 322 333 1120
1052 76 1072 705
1046 969 809 943
204 244 1090 976
1038 1031 1007 1035
1082 986 809 943
1144 752 715 822
799 1019 948 1048
77 40 1052 705
89 121 946 1048
946 889 818 1048
125 1125 1128 805
332 363 825 1111
787 895 789 1017
572 493 539 1036
493 273 274 1037
332 342 798 1037
964 777 933 787
321 267 363 1111
1069 889 849 775
363 272 332 825
272 363 265 825
831 798 825 1111
831 266 786 1075
849 889 1029 775
950 1138 963 728
272 265 370 825
321 363 331 1111
1112 874 929 759
855 778 895 789
806 1140 992 1118
1069 849 1111 775
798 1069 1111 775
831 798 1111 775
964 831 849 775
849 831 1111 775
299 336 1014 1075
798 831 825 775
122 799 1048 1072
527 935 832 1080
717 866 884 781
538 569 492 717
548 798 1037 935
526 548 1037 935
548 526 798 935
527 526 572 935
902 817 889 839
488 528 832 901
1000 570 832 901
525 872 935 1080
576 578 1079 793
531 522 802 955
431 429 432 1113
4 799 908 1074
1018 968 795 1102
1025 915 898 978
804 741 1081 987
527 570 528 832
889 817 1029 839
570 488 528 832
527 541 570 832
872 775 935 721
4 122 799 1074
1059 986 694 969
180 179 689 1137
721 746 919 694
526 525 935 1080
527 526 935 1080
528 569 537 1080
525 528 537 1080
78 1072 705 1147
488 569 528 1080
525 527 528 1080
526 527 525 1080
563 522 955 803
986 868 1059 919
777 832 721 901
746 777 721 901
1000 488 901 745
502 546 955 899
521 499 1079 686
368 997 1099 1044
578 576 494 793
100 16 866 1147
695 916 749 1040
733 958 983 778
553 542 1000 980
677 1126 760 1145
546 571 861 899
670 651 762 702
542 558 1000 980
312 942 1126 785
943 814 882 1065
578 1049 1079 793
502 470 563 955
546 453 955 899
216 217 752 1131
1009 696 1117 870
895 933 787 789
1025 568 1008 978
834 746 868 919
746 777 933 694
806 944 1001 807
944 883 1001 807
716 212 1086 1034
558 509 506 980
505 509 553 980
923 1138 898 950
542 509 558 980
509 542 553 980
1066 980 923 743
1008 484 1138 978
1081 968 842 1102
945 1082 1007 1040
685 926 850 795
736 996 916 749
819 814 714 1006
1123 808 709 925
1014 964 1029 694
868 962 985 981
887 738 709 925
892 951 810 874
731 682 888 755
1066 868 1081 842
1112 1040 755 759
1014 964 789 1075
795 980 747 957
171 209 965 707
900 1095 988 1129
517 518 807 939
750 815 893 994
296 1142 760 997
212 153 716 1143
961 769 1141 1061
855 738 706 1010
878 684 700 1134
716 875 1130 863
779 684 835 1056
912 989 836 679
295 347 264 972
1052 76 818 1072
1080 537 705 717
1019 80 866 1072
1115 799 948 1093
854 993 726 983
5 902 946 1074
1019 948 805 1009
821 656 917 687
565 116 1052 705
263 262 264 972
864 753 966 924
703 1014 1029 694
234 257 138 840
113 28 960 732
1029 969 903 809
554 533 534 802
314 313 286 732
49 110 908 1149
81 779 904 687
113 27 28 732
839 799 1074 969
73 75 130 847
238 752 1131 1137
478 386 693 1028
649 589 628 826
122 4 1048 1074
826 867 754 995
1103 623 742 927
346 102 732 847
558 1000 980 685
121 79 4 1048
121 89 79 1048
79 122 4 1048
492 569 489 717
5 4 3 1074
18 5 3 1074
121 4 5 1074
1127 1015 943 814
971 346 732 847
971 732 906 847
89 79 1048 1072
1072 866 705 1147
866 1019 719 717
721 746 901 719
986 799 919 969
986 919 694 969
919 799 839 969
694 919 839 969
5 12 902 847
1080 721 901 719
901 746 919 719
705 866 719 717
1019 948 719 717
124 91 866 1125
89 76 79 1072
79 76 80 1072
80 76 78 1072
122 79 80 1072
116 77 1052 705
116 565 39 705
504 537 538 705
504 524 537 705
78 76 40 705
45 0 856 796
565 524 504 705
745 489 717 884
91 1019 866 1125
39 565 504 705
104 17 550 781
77 116 40 705
116 39 40 705
547 41 504 1147
504 40 705 1147
547 504 538 1147
78 40 100 1147
15 547 492 1147
16 100 15 1147
576 489 884 781
866 492 1147 781
779 684 1106 700
92 1115 1019 1009
948 901 717 884
16 15 17 781
576 492 489 781
901 834 745 884
901 948 834 884
901 745 717 884
576 523 1128 1079
1106 886 1011 687
55 56 114 803
376 699 1078 827
16 125 91 1125
408 797 725 873
30 31 1128 1079
731 1141 1112 755
478 388 885 1028
124 16 91 1125
1121 87 833 734
16 104 125 1125
34 35 98 1057
1053 203 718 765
1125 1128 884 781
522 521 802 686
532 546 502 899
884 1128 1049 793
31 104 30 1128
389 388 751 885
534 554 802 793
1049 521 1079 686
534 533 531 802
850 985 968 1116
1042 402 1057 734
534 578 494 793
532 571 546 899
1128 1049 1079 686
834 745 884 793
926 850 992 697
554 487 558 685
1128 576 1079 793
1039 1132 1051 763
878 858 938 835
533 532 531 802
982 533 788 926
982 861 899 1140
681 985 697 682
1049 1128 1079 793
1122 731 1108 682
521 578 534 1049
386 758 877 693
554 685 926 793
745 834 685 793
463 447 827 873
72 114 1042 803
487 745 685 793
56 417 469 803
856 833 844 796
1128 1049 686 1109
797 1122 725 873
877 452 1113 1057
378 474 861 1078
571 532 982 899
989 926 1094 697
745 489 884 793
33 402 35 1057
429 431 402 1113
1049 696 989 1121
533 532 802 899
453 443 955 899
532 502 955 899
578 534 1049 793
1049 989 926 802
554 487 685 793
576 1128 884 793
487 554 494 793
1115 678 1093 1117
446 432 699 693
1049 696 805 870
858 678 691 1085
33 469 402 1042
429 433 432 1113
1078 699 836 1097
529 1053 883 807
554 926 802 793
474 376 1078 1076
563 470 417 803
834 1066 685 850
648 636 837 683
992 827 682 730
923 485 957 978
681 1097 1108 682
532 533 982 899
546 453 502 955
788 982 926 1140
789 855 713 786
405 442 430 955
443 442 405 955
433 429 857 1113
470 405 430 955
912 758 833 991
975 684 1127 995
1077 846 838 1060
522 531 502 955
531 532 502 955
453 443 405 955
1002 975 954 1045
522 502 563 955
72 114 34 1042
373 375 374 751
92 105 1115 796
20 71 1 1109
802 926 899 1140
926 802 1094 1140
1094 802 899 1140
836 912 679 844
114 469 1042 803
442 430 955 857
430 470 955 803
686 1049 857 1121
955 430 803 857
376 474 378 1076
969 986 1093 1046
853 913 1089 739
951 780 810 988
861 378 1078 851
1097 699 1133 692
992 682 888 730
430 402 1042 734
797 407 701 865
955 1049 1094 857
836 912 844 991
731 1122 1141 846
989 1094 857 912
857 433 1113 830
432 475 699 830
751 940 710 1110
72 71 686 1121
962 945 985 1002
696 912 833 844
443 955 899 1078
429 430 857 734
985 681 697 679
751 374 710 692
522 499 521 686
71 31 72 686
989 1094 912 836
31 118 72 686
433 442 955 857
499 522 561 686
20 31 71 686
1113 877 1057 734
1049 955 686 857
1045 973 907 1028
686 955 803 857
445 446 699 693
477 386 877 693
877 758 1113 693
88 87 1057 734
686 72 1121 734
803 686 857 734
156 465 390 1146
1015 1127 1134 814
975 1002 996 1104
1093 962 1117 1046
878 684 858 779
678 1117 1002 1046
87 34 1057 734
877 88 1057 734
71 87 1 1121
71 72 87 1121
907 757 1028 1021
429 857 1113 734
402 431 1057 734
836 989 697 679
962 985 981 679
120 0 1 833
120 87 88 833
679 981 1117 870
758 1113 833 734
877 758 833 734
758 877 1113 734
34 72 1042 734
72 87 1121 734
72 686 803 734
1042 72 803 734
430 803 857 734
430 1042 803 734
430 429 402 734
72 34 87 734
388 478 444 693
905 1024 910 756
432 446 445 693
444 478 386 693
477 432 444 693
477 444 386 693
1009 1117 844 796
443 442 955 1078
761 905 910 766
474 376 433 1078
447 377 827 1076
1095 852 838 739
433 376 475 1078
376 447 827 1076
442 474 433 1078
926 989 981 697
474 442 443 1078
92 1115 1009 796
1117 678 844 796
878 684 779 700
119 107 1085 727
797 460 1060 873
473 373 710 941
682 827 1084 873
529 514 1053 807
681 836 697 679
850 985 697 679
111 471 53 917
388 375 389 751
448 961 913 701
475 433 1078 830
699 475 1078 830
433 432 1113 830
857 1094 1078 830
1078 1094 836 830
433 475 432 830
883 944 1064 1026
888 1095 944 841
836 1097 681 697
1094 1140 1078 697
1060 1122 873 730
1082 945 1046 1104
92 1019 805 1009
986 868 919 962
0 833 1009 1109
686 696 1121 1109
986 919 1093 962
945 985 1002 736
1093 986 962 1046
973 836 1097 681
1128 696 1049 1109
989 981 697 679
682 1030 888 755
868 986 1059 962
1059 986 945 962
868 1059 945 962
900 1114 735 1051
1016 733 983 778
926 685 850 981
1 71 1121 1109
868 919 962 981
1066 834 868 981
1066 868 850 981
731 736 1108 682
823 958 778 987
958 741 778 987
1130 1027 820 813
682 827 873 730
19 20 1 1109
834 948 919 981
814 714 1006 927
912 836 830 991
961 928 913 701
884 834 793 981
926 989 793 981
685 926 793 981
833 856 844 991
912 833 844 991
836 973 830 991
858 878 779 835
850 926 981 697
673 671 886 1106
805 19 1009 1109
1049 696 686 1109
1115 948 1009 1117
981 962 679 1117
793 884 981 870
2 0 1009 1109
684 754 700 1134
973 693 830 991
833 0 1009 796
0 45 2 796
884 834 981 870
856 0 833 796
1 1121 833 1109
105 49 1115 796
1121 696 833 1109
948 884 805 870
2 92 19 1009
101 386 885 1028
856 796 894 938
71 20 686 1109
989 1049 793 870
1128 1049 805 870
948 805 1009 870
696 1009 1117 844
696 833 1009 844
858 678 1002 1046
986 945 962 1046
696 989 679 870
919 948 1117 870
962 919 1117 870
919 962 981 870
948 919 981 870
330 329 288 966
681 836 679 991
679 836 844 991
681 679 844 991
302 60 59 771
1056 1110 757 904
826 626 859 1011
1117 962 1002 1046
817 1120 1029 903
47 46 48 938
47 95 119 878
1013 129 779 1021
626 629 628 826
422 448 928 701
737 940 954 1056
691 1134 1085 984
956 928 1033 701
2 19 1 1109
0 2 1 1109
894 1013 835 907
678 894 938 835
678 894 858 1002
790 910 820 977
47 129 779 835
961 797 913 865
1045 1056 757 907
954 996 749 1087
662 602 603 1105
678 844 894 1002
826 770 920 995
18 847 691 984
911 586 744 931
47 96 878 779
684 858 779 835
681 1002 954 1045
458 374 1133 692
995 684 1106 904
410 458 699 692
894 1013 938 835
856 844 991 894
737 975 1127 995
894 678 858 835
844 856 796 894
388 751 885 1028
49 45 46 938
940 710 1110 920
45 856 1013 938
658 467 914 821
587 886 970 876
894 858 1002 975
742 819 714 1006
684 858 835 975
908 110 691 1085
47 48 129 938
858 938 1149 1085
882 690 1038 1035
46 47 878 938
684 878 858 1134
804 855 778 895
1015 975 1127 1104
856 45 796 938
95 700 876 727
858 894 835 975
985 697 682 1116
632 1070 742 794
97 84 876 1070
1093 678 858 1046
46 45 48 938
678 1093 1117 1046
684 858 975 1015
962 985 679 1002
126 95 700 876
312 308 311 1126
962 679 1117 1002
844 681 991 894
623 632 1103 742
678 844 796 894
1134 819 984 814
84 829 819 1070
560 466 773 952
826 1058 867 995
973 991 1045 907
779 835 757 907
906 691 984 809
737 867 953 995
678 1117 844 1002
975 1056 1045 907
1136 906 847 984
129 70 96 779
70 81 96 779
424 1004 770 941
47 129 96 779
129 1013 779 835
115 74 960 771
656 616 821 917
928 448 913 701
821 770 1011 904
975 737 996 1056
921 782 828 1087
593 610 609 1043
975 684 1015 1127
1002 858 1046 1015
739 852 879 937
975 996 954 1056
800 772 711 924
241 238 723 1137
112 67 917 687
1058 826 953 995
826 770 1106 1011
1106 1011 904 687
821 770 826 1011
867 1058 953 995
940 954 692 1108
681 1002 736 954
1106 779 700 687
624 609 1043 1032
692 725 828 1084
846 865 838 1060
761 905 1096 910
343 942 990 1063
1035 761 724 766
372 276 783 786
1030 968 755 759
277 263 972 711
710 751 1110 941
129 70 779 1021
845 735 747 957
699 973 1097 1133
940 751 1045 1110
762 790 712 977
693 973 1133 1045
1056 779 757 907
127 758 1028 1021
656 112 917 687
649 826 867 754
940 751 710 692
737 932 953 756
641 380 586 911
375 389 751 885
940 954 1045 692
463 459 1060 873
406 374 458 692
1133 693 1045 1028
821 708 770 904
382 911 744 824
478 388 389 885
1133 374 751 692
374 406 710 692
699 458 1133 692
681 991 894 1045
991 894 1045 907
1097 973 681 1045
410 406 458 692
758 856 991 907
397 389 424 885
388 693 751 1028
998 1105 756 1003
757 424 770 941
894 975 1045 907
374 375 388 751
646 454 391 740
991 758 907 1028
374 388 445 751
847 906 691 984
68 66 1021 708
451 380 641 911
671 886 1106 700
998 666 744 1058
373 462 473 710
473 462 461 710
373 406 462 710
920 744 941 1058
853 1061 999 776
760 677 1145 1016
382 454 911 931
373 374 406 710
101 386 457 885
386 478 457 885
592 393 1032 740
386 758 693 1028
638 675 744 931
626 821 859 1011
66 70 1021 904
53 471 413 917
712 790 820 977
973 693 907 1028
616 626 617 821
829 960 794 771
380 382 381 911
684 779 1106 904
103 645 7 886
693 973 1045 1028
865 846 838 879
340 271 269 979
51 111 53 917
867 737 953 756
754 671 1106 700
820 782 756 1003
25 101 24 885
693 1133 751 1028
751 1133 1045 1028
10 101 758 1028
101 10 386 1028
386 10 758 1028
127 109 758 1021
758 109 1013 1021
69 127 68 1021
66 69 68 1021
127 101 68 1021
127 69 109 1021
70 69 66 1021
69 70 129 1021
616 656 607 917
82 81 21 687
1004 708 821 917
779 1056 757 904
425 471 708 917
607 658 821 917
52 51 607 917
25 397 26 708
26 471 111 708
932 910 820 756
641 914 744 859
66 25 67 708
25 111 67 708
708 821 917 687
1061 892 951 780
66 68 25 708
66 81 904 687
467 413 1004 917
25 26 111 708
397 424 425 708
607 413 658 917
112 67 51 917
397 471 26 708
397 425 471 708
424 1004 708 770
480 461 423 824
757 1110 770 904
597 626 616 821
66 757 708 904
714 742 1006 927
826 920 1058 953
597 616 658 821
648 604 600 790
1110 1056 995 904
770 995 1106 904
751 424 757 941
684 754 995 1106
81 96 779 687
826 770 995 1106
1004 914 821 941
115 74 829 960
473 710 744 941
86 84 891 819
666 629 627 1058
73 1136 891 960
826 744 859 1058
627 629 859 1058
662 650 998 867
451 441 382 744
638 666 586 744
480 423 1139 824
373 751 710 941
373 375 751 941
826 770 859 941
744 826 859 941
821 914 859 941
770 821 859 941
441 440 473 941
424 375 440 941
440 375 473 941
375 373 473 941
645 587 7 886
602 662 998 1105
96 878 779 700
649 629 650 867
653 649 650 867
629 649 628 867
603 653 1105 922
582 649 653 867
1027 762 840 1086
770 1110 920 995
1056 737 920 995
826 920 953 995
310 308 942 1063
814 837 714 927
604 653 603 922
261 205 897 715
582 637 837 922
637 648 837 922
1114 874 767 759
1050 762 790 1124
653 650 1105 922
1058 998 867 953
677 1100 848 816
761 905 683 1096
637 653 604 922
668 990 890 881
648 637 604 922
582 653 637 922
790 784 910 977
628 826 1106 1011
217 216 214 1131
1124 790 756 1003
953 998 756 1003
1127 975 996 1104
82 21 886 687
582 649 867 754
649 589 826 1106
1127 837 1024 754
115 61 59 771
779 1106 904 687
779 757 1021 904
867 1024 922 754
582 867 922 754
1103 642 876 1070
635 648 1071 683
587 970 1103 876
589 671 673 1106
628 589 673 1106
587 7 886 876
1024 837 922 754
837 582 922 754
82 886 700 687
115 37 660 829
616 617 594 1011
1115 908 1093 1149
909 860 1006 927
618 673 886 1011
829 115 960 771
649 582 589 754
626 628 617 1011
960 314 864 771
126 82 103 886
671 618 673 886
618 671 645 886
829 819 1070 742
594 618 645 886
82 21 103 886
126 103 7 886
1103 632 1070 742
22 594 645 886
589 671 754 970
21 22 103 886
708 757 770 904
645 671 587 886
115 829 794 771
819 984 814 1006
608 659 771 1005
908 3 1074 691
61 608 59 771
619 632 623 742
800 330 979 934
314 313 864 924
735 1001 747 1102
126 96 82 700
49 908 796 1149
84 37 829 1070
642 97 876 1070
1074 5 903 847
1091 909 860 1006
70 66 81 904
754 671 700 970
66 67 81 687
656 616 594 687
96 81 82 687
671 583 587 970
882 772 860 1006
95 7 123 876
589 583 671 970
1070 829 742 794
74 73 829 960
908 1115 796 1149
84 829 891 819
678 1093 691 1149
587 664 633 1103
664 632 633 1103
642 587 633 1103
632 664 623 1103
1002 945 736 1104
664 584 623 1103
1093 908 691 1149
102 346 275 847
620 632 619 794
678 858 938 1149
278 277 971 711
829 891 819 742
83 84 37 829
302 356 314 1005
102 75 732 847
73 83 74 829
891 1136 819 742
659 356 303 771
1050 680 720 1041
1059 986 969 809
633 642 1103 1070
819 891 727 984
95 126 7 876
123 97 84 876
37 599 829 1070
7 8 97 876
642 8 587 876
1136 130 891 847
903 971 906 847
902 971 903 847
772 690 800 972
73 130 1136 847
829 73 891 960
102 275 902 847
599 829 1070 794
858 1015 1134 943
598 619 753 1005
85 86 891 727
85 106 727 984
84 123 876 819
351 262 800 972
1016 726 766 722
960 864 794 771
984 906 809 882
996 1002 736 1104
5 902 903 847
123 84 86 819
784 724 766 722
742 829 864 794
12 102 902 847
619 632 742 794
902 275 1101 971
660 115 794 771
1074 839 969 903
659 287 356 1005
74 113 28 960
902 839 1074 903
302 314 771 1005
73 74 28 960
908 691 1149 1085
599 660 829 794
46 110 1149 1085
864 794 771 1005
690 871 972 711
74 113 960 771
753 742 864 794
58 303 302 771
608 303 58 771
59 113 74 771
115 59 74 771
660 608 61 771
303 356 302 771
60 302 360 771
59 60 113 771
360 302 314 771
275 367 1101 971
796 678 938 1149
969 1074 903 691
45 796 938 1149
1101 902 971 903
902 1101 1120 903
817 902 1120 903
73 1136 732 847
817 1029 839 903
347 295 703 972
1059 1082 1038 1007
261 259 715 822
703 690 1038 871
362 351 800 676
905 1024 683 1096
277 263 264 972
871 277 972 711
277 264 871 972
700 754 970 714
882 690 761 860
367 278 277 971
275 346 367 971
334 367 277 971
720 1041 729 881
346 278 367 971
732 1136 906 847
676 1091 979 890
707 709 1010 994
1065 1082 1007 1035
724 677 1126 760
295 262 351 972
280 309 862 1088
95 878 700 727
1127 754 1134 714
684 1127 754 1134
153 152 593 1143
1059 1014 1031 1038
1134 984 943 814
1115 678 796 1149
354 309 300 1083
598 289 288 934
993 854 1131 722
1074 18 847 691
106 18 3 691
110 106 3 691
238 237 752 1137
819 700 1134 727
858 691 1134 1085
905 1127 1104 1065
1104 1127 814 1065
1082 1046 943 1104
943 1104 814 1065
106 18 691 984
945 1002 1046 1104
46 107 110 1085
107 106 110 1085
106 691 727 984
107 46 119 1085
1085 1134 727 984
46 47 119 1085
95 86 119 727
106 107 86 727
85 106 86 727
95 123 86 727
1015 1134 943 814
858 1046 1015 943
986 1046 809 943
130 891 847 984
18 130 847 984
130 85 891 984
259 134 1012 822
1046 1002 1015 1104
362 269 350 979
711 1136 924 1006
969 1046 691 943
986 1082 1046 943
85 18 106 984
18 85 130 984
761 882 1065 1035
1029 1059 809 1038
595 280 1063 1088
837 814 1006 927
772 711 924 1006
691 858 1134 943
837 1127 1024 814
1059 1082 809 1038
584 623 1103 927
1103 742 714 927
1082 1038 1007 1035
943 1082 1104 1065
636 635 1023 683
347 703 871 972
648 837 922 683
1127 905 814 1065
1006 860 683 927
906 809 882 1038
584 1103 714 927
984 1136 882 1006
882 1136 711 1006
922 648 1096 790
1091 772 924 1006
579 580 1071 1050
1082 945 916 1040
1127 837 754 714
837 582 754 714
809 882 1038 1035
703 690 871 972
262 263 800 972
149 259 261 822
1127 1134 814 714
622 636 1023 909
369 269 990 890
1136 732 906 711
690 906 882 1038
724 1016 766 722
1059 1029 694 1038
1029 703 694 1038
1014 1059 694 1038
703 1014 694 1038
823 1059 1031 1007
327 365 1010 1099
1018 795 1001 1102
695 731 1112 755
263 800 972 711
1096 761 910 766
944 1095 1001 1129
784 1096 910 766
630 615 720 843
958 823 842 987
1082 1059 945 1007
595 614 615 1088
1041 668 890 881
990 942 890 881
1050 1071 680 1041
264 347 871 972
262 263 362 800
263 329 362 800
351 262 362 800
329 330 362 800
868 850 985 968
614 590 720 881
753 619 909 927
277 1120 971 871
277 333 1120 871
636 648 635 683
340 643 979 934
690 772 800 676
313 278 732 711
1029 703 1038 871
906 903 809 871
906 809 1038 871
271 340 643 979
800 362 676 979
761 882 860 683
1120 703 1029 871
1120 1029 903 871
903 1029 809 871
809 1029 1038 871
333 277 264 871
347 333 264 871
1136 864 732 711
800 772 972 711
772 690 972 711
690 906 871 711
906 690 882 711
690 772 882 711
278 313 263 711
753 598 966 934
278 263 277 711
1031 1014 789 1098
703 690 972 1107
892 1061 951 874
635 1071 1023 683
362 330 269 979
1023 1041 890 729
330 800 966 934
598 288 1005 966
314 864 1005 966
1100 311 1126 930
288 330 966 934
1091 800 979 934
676 369 942 890
312 350 369 676
350 269 369 979
652 612 762 1124
329 314 966 924
361 296 1142 760
241 238 179 723
269 369 979 890
631 663 585 702
580 630 720 791
636 1023 909 683
297 312 1126 785
667 634 1023 909
351 362 350 676
362 350 676 979
180 689 892 808
909 636 683 927
966 753 1091 924
800 966 1091 924
732 313 711 924
864 732 711 924
742 753 1006 927
1136 864 711 924
676 772 1091 860
330 329 966 924
329 330 800 924
800 330 966 924
263 800 711 924
263 329 800 924
909 1023 860 683
461 473 710 824
932 695 916 749
313 314 329 924
263 313 329 924
598 288 966 934
643 621 667 934
643 598 621 934
942 676 890 729
598 643 289 934
289 340 288 934
340 330 288 934
664 584 1103 714
970 664 1103 714
700 819 1134 714
1134 819 814 714
876 1103 819 714
700 876 819 714
584 582 837 714
582 589 754 714
589 583 970 714
754 589 970 714
583 664 970 714
583 582 584 714
582 583 589 714
664 583 584 714
1136 742 864 1006
1136 864 924 1006
819 1136 984 1006
1136 819 742 1006
643 271 979 890
942 676 729 785
674 723 1148 977
753 1091 924 1006
742 753 864 1006
864 753 924 1006
619 753 742 927
623 619 742 927
584 665 623 927
623 665 622 927
665 636 622 927
1036 743 787 1022
961 921 865 1141
600 604 922 790
199 198 1033 776
1132 892 1114 792
1041 890 729 881
369 343 310 942
675 639 1003 801
1024 790 910 756
820 675 782 1003
1007 1035 733 766
736 681 749 1108
600 581 579 1050
254 674 702 840
581 580 579 1050
136 149 752 1137
648 600 579 1050
350 369 676 890
933 964 787 789
135 253 709 925
1050 1096 790 680
588 668 990 890
997 365 1099 1044
761 690 1035 724
312 676 942 785
299 295 760 1107
269 588 990 890
369 343 942 990
720 590 1041 881
590 668 1041 881
168 596 843 1090
929 1114 741 759
729 676 724 785
454 646 381 931
654 593 1043 1143
689 179 723 1137
190 244 300 1083
309 862 1088 1083
270 282 343 990
580 1050 720 1041
690 1035 724 1107
1071 1096 680 1041
783 1142 706 713
593 611 610 1043
343 310 942 1063
720 1088 816 843
615 614 630 720
680 1041 729 816
614 580 630 720
690 761 860 724
590 580 614 720
244 1083 1090 976
254 215 228 702
271 269 979 890
777 933 895 1081
214 216 897 1131
1010 326 918 1099
722 680 974 1148
269 271 588 890
295 690 785 1107
595 282 647 1063
282 280 343 1063
343 280 310 1063
280 282 281 1063
282 595 281 1063
310 280 308 1063
614 595 881 1088
644 611 1143 1086
785 724 760 1107
668 1023 1041 890
1091 667 934 890
979 1091 934 890
667 643 934 890
1023 667 909 890
909 667 1091 890
1023 909 1091 890
271 643 588 890
634 668 588 890
667 634 588 890
643 667 588 890
1144 897 848 715
677 1100 1145 1144
590 614 595 881
668 590 647 881
897 677 722 1144
372 317 370 1062
1038 1031 1107 1098
695 993 784 726
460 463 1060 873
1138 495 750 963
1041 680 729 724
860 761 1096 724
325 290 316 1054
993 854 726 1123
676 1023 729 724
1023 676 860 724
311 308 1100 1126
205 848 715 976
738 855 709 1010
371 312 311 1126
1096 680 1041 724
860 1096 1041 724
1023 1041 729 724
1023 860 1041 724
237 136 752 1137
729 724 1126 785
831 787 789 786
312 350 676 785
268 233 144 822
676 690 724 785
297 295 785 760
312 310 308 1126
295 690 972 785
351 295 972 785
800 690 676 785
690 800 972 785
351 800 676 785
800 351 972 785
216 149 261 752
351 312 297 785
611 644 670 1086
312 351 350 785
295 351 297 785
729 881 862 816
227 254 138 840
724 677 1016 722
862 848 1083 976
371 297 1126 760
296 371 1126 760
299 295 298 760
297 296 298 760
298 296 361 760
831 265 825 786
295 297 298 760
276 372 1062 786
297 371 296 760
1035 724 733 766
1031 958 1007 733
190 244 1083 1090
1031 1007 1035 733
875 1027 1130 863
216 217 237 752
1035 1031 733 1107
1038 1031 1035 1107
690 1038 1035 1107
993 726 1112 929
736 681 954 749
958 726 741 987
295 703 1107 1098
624 1043 801 1032
905 1024 1096 910
1007 1065 1035 766
905 761 1065 766
237 136 149 752
1096 1024 790 910
720 881 862 1088
190 192 246 1090
761 1096 724 766
784 695 726 766
1027 875 813 863
738 929 1123 792
720 615 1088 843
368 268 337 997
325 315 918 815
958 733 726 766
996 932 916 749
697 992 682 1116
198 199 201 776
724 1016 733 766
733 1016 726 766
226 875 1086 1034
853 199 1089 776
226 178 875 1034
996 975 954 749
749 921 731 1108
975 996 736 749
961 928 701 776
237 238 752 1131
1100 323 848 862
752 261 897 715
233 268 344 715
246 657 168 1090
279 344 324 715
897 677 848 816
657 615 596 1119
337 296 930 997
854 897 1131 722
296 337 361 997
816 848 843 1083
661 606 1088 1119
171 209 707 1047
206 205 261 715
308 942 1063 862
974 1148 791 702
848 897 816 843
1083 190 1090 1119
300 353 1088 1083
216 205 214 897
843 1088 1083 1119
353 309 1088 1083
1145 930 997 715
204 168 843 1090
897 1131 722 974
606 190 300 1119
897 816 843 974
268 337 997 1044
241 179 180 1137
180 241 1137 808
1040 1030 755 759
241 136 237 1137
238 241 237 1137
338 371 1126 930
1126 296 760 930
1126 760 1145 930
324 368 338 930
368 337 338 930
1100 729 862 816
337 296 338 930
323 324 338 930
149 261 752 822
311 323 338 930
1145 1016 1144 997
296 371 338 930
843 204 1090 976
309 848 862 976
596 657 843 1090
190 606 192 1090
897 677 1144 848
677 1100 1144 848
309 280 353 1088
738 709 1092 1010
1100 323 930 848
596 615 843 1119
862 720 1088 816
233 259 144 822
897 205 848 715
233 344 159 715
259 233 715 822
855 887 738 709
706 738 1092 1010
1066 1081 923 1102
707 887 709 925
1100 1145 1144 848
752 261 715 822
897 214 1131 974
854 149 752 822
848 279 715 976
915 1008 898 978
657 596 168 1090
585 651 670 702
323 279 324 848
233 268 715 822
281 661 353 1088
344 368 324 715
206 233 159 715
206 159 205 715
206 259 233 715
268 368 344 715
280 308 1063 862
323 308 309 862
1050 680 1148 791
308 280 309 862
848 1100 862 816
881 720 862 816
762 663 1050 791
596 168 843 791
606 192 1090 1119
204 190 246 1090
843 215 974 791
606 615 657 1119
1083 843 1090 976
192 606 657 1119
657 596 843 1119
610 624 609 1043
168 215 843 791
192 657 1090 1119
848 843 1083 976
204 168 214 843
168 215 214 843
205 204 214 843
651 663 762 702
596 615 630 843
897 205 843 976
228 585 138 702
323 279 848 976
309 323 848 976
244 160 354 976
160 159 279 976
159 244 204 976
205 159 204 976
279 309 354 976
279 323 309 976
160 244 159 976
160 279 354 976
215 214 843 974
214 215 674 974
153 234 152 1143
227 674 840 875
215 674 974 702
674 762 1148 702
762 663 791 702
712 820 1124 1003
227 257 226 875
816 720 843 791
762 1050 1148 791
816 843 974 791
680 720 974 791
1148 762 791 702
630 596 843 791
720 816 974 791
1050 580 720 791
586 638 744 931
654 593 609 1043
585 228 640 702
228 596 640 791
581 652 663 1124
234 139 644 840
670 644 840 1086
631 630 663 791
630 580 663 791
631 596 630 791
580 581 663 791
737 867 1024 756
710 920 1068 824
596 631 640 791
215 168 228 791
201 260 1034 776
707 811 709 1047
639 613 1003 801
613 712 1003 801
784 695 766 916
675 820 782 801
613 610 1043 801
1027 762 1086 712
652 601 612 1124
600 581 1050 1124
790 712 820 1124
602 603 1105 1003
769 695 1141 1112
420 1146 768 1020
920 940 1068 1087
227 226 178 875
1043 716 1086 1130
1086 1043 1130 712
611 1043 1143 1086
1095 900 951 1077
951 1095 1077 739
790 762 712 1124
612 601 712 1124
998 602 1105 1003
675 959 1068 1139
652 581 600 1124
250 178 723 875
250 227 178 875
674 250 723 875
213 234 153 1143
911 382 931 824
1061 689 999 967
1032 956 959 1020
212 213 153 1143
1030 968 1116 755
1027 1086 1130 712
227 250 674 875
611 610 1043 712
670 611 762 712
612 670 762 712
672 613 612 712
601 672 612 712
701 961 921 865
993 784 723 977
613 610 612 712
610 611 612 712
611 670 612 712
449 439 476 879
782 1130 813 863
675 953 782 1003
603 601 1124 1003
603 1124 756 1003
820 675 1003 801
1043 1130 712 801
655 393 464 1135
423 704 1139 824
638 669 675 931
931 480 1139 824
200 716 1033 1034
200 212 716 1034
928 199 1033 776
932 737 953 782
996 737 1024 756
1105 603 922 756
1027 762 712 977
905 932 996 756
905 996 1024 756
749 695 731 1141
993 695 784 977
1148 762 1027 977
790 762 1148 977
922 600 790 756
790 600 1124 756
600 603 1124 756
603 600 922 756
672 602 639 1003
613 672 639 1003
961 769 921 1141
701 956 921 863
674 1027 875 977
723 674 875 977
605 181 654 1135
592 655 1032 1135
782 769 921 863
609 1043 1032 768
654 243 1143 768
449 407 797 913
940 710 1068 828
910 784 766 916
932 695 910 916
716 1130 956 1033
887 804 898 950
624 613 639 801
625 624 639 801
1068 710 824 828
610 613 624 801
920 744 1068 824
875 716 1086 1034
243 716 1143 768
465 420 768 1135
242 411 465 1135
744 675 1068 1139
434 704 956 1020
624 625 592 1032
959 704 1068 1139
480 423 704 1139
592 655 609 1032
961 913 853 879
624 592 609 1032
875 716 1034 863
243 197 716 768
258 232 141 1089
701 725 921 828
710 473 744 824
454 646 931 740
625 1032 959 740
468 415 185 952
448 479 435 928
406 462 710 725
695 726 766 916
473 382 744 824
675 625 959 740
258 239 201 853
242 465 156 1146
454 382 480 931
646 669 586 931
646 586 381 931
744 931 1139 824
646 625 669 931
669 638 586 931
704 1068 1139 824
435 390 1146 928
382 461 480 824
382 473 461 824
423 462 409 824
625 646 592 740
592 646 391 740
454 421 393 740
412 655 464 1135
454 393 391 740
181 243 654 1135
1032 959 740 1020
242 465 768 1135
419 421 704 1020
420 434 390 1146
434 435 390 1146
420 419 434 1146
932 782 921 1087
465 420 390 1146
419 434 1146 1020
449 448 407 913
393 1032 1020 1135
464 393 1020 1135
232 199 928 1089
737 996 954 1087
609 654 1043 768
1043 654 1143 768
716 1043 1143 768
197 181 242 768
197 242 156 768
197 156 198 768
243 181 197 768
240 177 853 999
1068 701 921 828
782 1068 921 828
1146 956 928 1033
412 464 411 1135
411 464 420 1135
605 654 609 1135
465 411 420 1135
377 459 873 730
797 407 725 701
954 749 1108 1087
407 482 725 701
407 961 701 865
913 961 865 879
140 379 141 1089
704 956 1068 701
133 240 251 853
222 223 210 763
240 239 251 853
200 201 1034 776
472 449 797 879
961 1061 846 739
767 741 759 987
695 784 910 916
737 932 996 1087
239 258 141 1089
1108 1122 682 1084
940 692 828 1084
449 476 379 913
980 506 685 795
199 258 201 853
701 1033 863 776
379 455 913 1089
797 913 865 879
455 232 928 1089
455 928 913 1089
928 961 913 1089
968 985 1030 1116
956 1146 768 1033
716 1033 1034 863
782 1068 828 1087
197 716 768 1033
875 769 863 967
782 920 1068 1087
201 239 240 853
769 863 967 776
455 479 379 913
769 961 701 863
232 140 141 1089
726 958 766 916
406 410 408 725
407 409 408 725
407 482 409 725
682 1122 888 730
956 434 1146 701
1146 434 928 701
956 1146 928 701
448 482 407 701
482 448 422 701
932 737 782 1087
407 797 961 865
725 701 921 865
725 797 701 865
409 710 725 828
1130 820 782 813
910 820 977 813
695 910 977 813
482 725 701 828
704 482 701 828
462 409 824 828
409 462 710 828
710 462 824 828
704 1068 824 828
482 409 725 828
423 704 824 828
409 423 824 828
423 482 704 828
482 423 409 828
945 736 1104 916
1082 945 1104 916
1122 865 1141 846
958 1007 766 916
1082 1065 1007 916
1007 1065 766 916
736 731 1040 1030
1112 1077 755 846
985 736 1030 682
1130 1027 813 863
954 681 692 1108
820 932 782 813
1053 718 883 765
993 695 977 813
239 251 853 739
1002 736 954 749
975 1002 954 749
1002 975 736 749
737 940 920 1087
996 932 749 1087
1027 875 977 813
201 853 999 776
910 932 820 813
863 1034 967 776
689 892 1061 999
828 940 1108 1087
736 731 1030 682
1132 892 780 810
769 961 863 776
723 993 977 813
131 1132 780 810
820 1027 977 813
1068 940 828 1087
695 932 910 813
782 932 921 813
769 782 921 813
201 177 967 776
928 1033 701 776
961 853 1089 776
695 749 813 1141
769 695 813 1141
921 769 813 1141
932 921 813 1141
921 932 749 1141
749 932 813 1141
940 737 954 1087
737 920 953 1087
953 920 782 1087
737 953 782 1087
1034 260 967 776
1033 200 1034 776
1061 769 967 776
213 226 1086 1034
212 213 1086 1034
200 201 260 1034
226 200 260 1034
178 226 260 1034
226 212 200 1034
868 1066 850 968
177 999 967 776
213 212 226 1034
992 827 697 682
695 749 731 1040
900 1095 888 1077
944 730 1064 851
410 408 725 873
767 759 842 987
251 141 1073 937
132 133 951 780
1132 892 810 1114
450 437 852 937
251 133 853 951
874 1112 1077 755
209 210 965 811
940 828 1108 1084
177 201 999 776
177 240 176 999
240 133 176 999
179 177 176 999
1033 1034 863 776
260 178 1034 967
179 177 999 967
689 179 999 967
179 689 723 967
178 179 723 967
178 723 875 967
178 875 1034 967
689 993 723 967
769 875 813 967
235 148 146 949
723 993 813 967
695 993 689 967
769 695 689 967
875 723 977 967
977 723 813 967
875 977 813 967
695 769 813 967
993 695 813 967
178 260 177 967
179 178 177 967
260 201 177 967
198 201 200 776
149 854 752 869
992 682 1116 888
892 810 1114 874
827 377 873 730
731 1141 755 846
993 695 689 1112
888 1122 846 1060
1061 951 1077 846
865 961 1141 846
1059 868 945 842
1007 1082 916 1040
543 491 982 1118
695 993 726 1112
725 1122 921 1084
769 1061 967 1112
892 689 1061 874
887 855 738 804
131 236 892 1132
993 726 929 1123
707 965 915 811
1062 728 1017 815
1137 136 869 808
426 438 1064 841
557 556 845 1067
194 207 893 1054
688 1025 965 915
823 778 895 987
913 1089 739 937
852 1073 739 718
150 222 1132 1039
951 900 874 1077
950 707 1017 994
1095 888 944 1001
825 1036 787 1022
1036 539 1022 963
810 988 765 1051
988 900 1129 1051
132 150 131 810
150 132 151 810
750 950 815 994
900 735 1001 1129
865 838 1060 879
151 132 202 988
982 861 1140 1118
854 1137 869 1123
256 150 151 1039
235 549 148 949
134 252 1012 869
1066 850 968 795
695 731 1141 1112
1016 722 1144 983
773 718 883 952
1061 689 967 1112
778 741 895 987
958 1007 916 1040
1008 887 707 915
726 958 916 1040
476 439 852 879
689 769 967 1112
868 1081 842 987
1141 1112 755 846
783 348 713 786
965 210 763 811
209 965 707 811
223 255 210 763
764 750 893 994
266 336 352 1075
707 1008 750 950
577 507 508 747
733 789 713 1098
968 1001 767 1102
926 788 1140 795
549 235 765 949
490 575 688 949
887 965 763 811
235 1039 765 949
811 220 748 1047
299 295 1107 1098
1066 980 685 795
703 1038 1107 1098
1000 777 832 743
815 316 893 1054
992 788 1018 795
685 788 926 795
850 926 1140 795
529 883 1026 807
315 328 325 918
957 898 978 1067
795 1018 1001 747
535 568 484 978
210 208 211 811
556 568 1025 688
256 146 1039 949
1030 985 682 1116
682 1030 1116 888
1122 797 865 1060
495 519 1138 750
1097 681 697 682
731 1030 682 755
746 868 933 1081
731 695 1040 755
1122 731 682 888
985 681 736 682
736 681 1108 682
692 725 1084 873
408 460 797 873
436 852 773 896
692 940 1108 1084
379 142 141 937
695 1112 1040 755
1122 865 846 1060
951 1077 846 739
725 921 828 1084
958 1007 1040 842
1073 218 739 718
900 968 755 1018
900 874 1077 755
888 1077 838 1060
828 921 1108 1084
459 438 838 730
692 410 725 873
459 1060 873 730
992 1140 1078 851
460 439 797 1060
387 827 1076 730
874 1061 1077 846
1061 874 1112 846
1112 874 1077 846
769 1061 1112 846
1141 769 1112 846
769 1141 1061 846
439 459 838 1060
239 141 251 739
1122 731 888 846
888 731 755 846
439 797 838 879
559 515 1053 952
852 838 739 879
1097 692 1108 1084
1122 682 873 730
1097 699 692 1084
865 961 846 879
251 1073 739 937
1073 852 739 937
797 865 1060 879
846 961 739 879
449 476 913 879
439 449 472 879
218 251 1073 739
438 439 459 838
439 438 436 838
395 497 773 1026
510 415 560 952
387 438 459 1064
1097 1108 682 1084
447 410 699 873
447 699 827 873
699 410 692 873
699 692 1084 873
1097 699 1084 873
699 1097 827 873
827 1097 1084 873
410 447 463 873
463 377 459 873
460 408 463 873
408 410 463 873
773 718 952 896
132 218 202 718
544 574 806 1026
1095 888 838 841
838 730 1064 841
426 438 483 1064
827 1078 1076 851
730 387 1064 851
944 806 1026 807
415 427 466 952
468 427 415 952
456 385 861 774
377 387 459 730
774 944 1064 851
992 827 730 851
888 992 944 1018
992 1140 851 1118
773 426 1064 841
141 853 1089 937
1089 853 739 937
142 450 229 937
476 450 379 937
379 450 142 937
450 476 437 937
141 142 229 937
506 555 685 795
549 490 148 949
827 1076 730 851
1076 387 730 851
515 529 1053 773
787 789 786 1017
491 551 456 1118
968 1116 755 1018
456 551 774 1118
401 1073 852 896
466 497 773 395
773 718 896 841
165 245 203 896
218 203 718 896
436 438 426 841
427 436 773 896
1078 378 1076 851
395 426 428 773
395 427 426 773
427 436 426 773
992 1078 827 851
515 497 529 773
774 944 851 1118
466 427 395 773
850 992 1116 1018
378 861 774 851
980 506 795 747
515 560 497 773
165 166 245 896
249 203 185 952
203 245 185 952
888 900 755 1018
515 510 560 952
515 559 510 952
861 774 851 1118
944 774 1026 1118
428 395 773 774
730 888 944 841
944 883 1064 841
982 491 861 1118
428 483 481 774
483 387 481 774
428 481 456 774
481 385 456 774
387 378 481 774
788 982 1140 1118
806 992 944 1118
395 428 456 774
543 788 806 1118
436 426 773 841
438 838 1064 841
497 395 551 1026
838 852 718 841
718 773 883 841
852 436 773 841
551 395 456 1026
456 395 774 1026
551 456 774 1026
551 574 530 1026
574 544 530 1026
544 529 530 1026
497 551 530 1026
730 944 1064 841
529 497 530 1026
491 543 574 1118
551 491 574 1118
883 1095 944 1129
900 810 1114 1051
883 1001 807 1129
788 507 806 747
806 544 1026 807
355 316 815 936
888 900 1018 1001
562 501 520 764
1112 726 1040 759
726 1112 929 759
151 235 1039 765
726 993 722 983
501 171 965 707
1001 735 807 1129
1001 845 747 807
808 1137 929 1123
507 506 508 747
1018 806 1001 747
845 577 747 807
845 517 807 939
688 1129 1051 939
553 505 980 957
317 283 345 947
577 806 747 807
993 689 1137 929
517 508 557 845
517 577 508 845
556 517 557 845
557 508 505 845
900 735 1129 1051
577 508 845 747
1000 553 980 743
555 788 685 795
202 988 718 765
1066 980 1102 957
223 1039 965 763
147 490 146 949
556 517 845 688
256 235 146 949
508 506 505 747
1000 980 1066 743
735 845 1001 807
883 718 1129 765
763 887 741 767
498 162 1053 765
150 1132 810 1039
1132 1114 1051 763
514 529 518 807
577 517 518 807
544 577 518 807
529 544 518 807
855 887 709 804
514 1053 807 939
498 549 235 765
688 735 1129 939
162 203 1053 765
1039 810 765 1051
235 256 1039 949
556 490 575 688
575 490 549 949
868 1066 968 842
517 556 575 688
1014 964 933 789
516 575 949 939
1102 735 898 957
552 345 947 963
688 1051 915 763
520 562 764 893
517 845 688 939
883 944 1001 1129
811 763 925 792
151 202 162 765
151 162 235 765
202 203 162 765
498 516 549 765
148 147 146 949
148 490 147 949
688 765 949 939
883 1053 765 939
1129 883 765 939
514 498 1053 939
498 516 765 939
1053 498 765 939
1053 883 807 939
807 883 1129 939
735 807 1129 939
735 845 807 939
549 516 949 939
516 549 765 939
765 549 949 939
514 517 516 939
517 575 516 939
517 514 518 939
514 516 498 939
536 545 1025 965
892 808 929 792
208 209 707 811
253 210 211 811
869 1123 709 1092
777 746 933 1081
370 276 1062 786
136 149 1137 869
149 134 822 869
823 1031 933 789
887 741 767 804
688 1039 1051 763
1039 688 949 965
255 209 210 965
146 1039 949 965
231 209 255 965
541 553 1000 743
299 713 1075 1098
900 1114 874 767
895 777 1081 923
1040 985 1030 842
276 348 783 786
755 968 767 759
1031 823 733 1098
236 180 892 808
1030 968 759 842
1137 689 808 929
566 355 304 893
923 1102 898 957
545 490 1025 965
854 993 1137 1123
247 1047 764 893
738 983 706 1092
823 1059 1007 842
1025 490 688 965
231 171 209 965
490 545 231 965
146 255 1039 965
759 1040 842 987
210 224 763 811
925 929 792 741
726 958 741 778
892 236 808 792
365 327 1142 1099
892 689 1112 929
1123 808 925 792
290 357 316 1054
545 536 501 965
965 887 915 811
255 223 1039 965
688 490 949 965
929 1114 792 741
210 253 224 811
874 892 1112 929
1040 958 842 987
985 868 968 842
134 136 135 869
149 136 134 869
136 225 135 869
134 135 252 869
135 1012 869 709
1114 892 929 792
933 777 895 787
887 738 925 741
225 135 869 808
929 738 925 792
929 726 738 1123
869 1137 808 1123
225 241 180 808
236 225 180 808
136 241 225 808
225 253 135 808
253 225 224 808
225 236 224 808
741 804 778 895
562 511 196 893
484 496 1138 978
1114 763 741 767
735 900 1001 767
738 1123 709 925
741 726 759 987
224 763 811 792
726 929 738 741
1114 763 792 741
763 887 792 741
985 968 1030 842
713 789 786 1075
738 741 804 778
224 253 808 792
211 253 811 709
355 316 304 893
1010 709 748 994
135 869 808 709
929 808 1123 792
1132 1114 763 792
236 892 1132 792
855 1017 1010 918
327 783 1010 918
328 1062 783 815
252 211 220 709
247 207 1047 893
135 211 252 709
253 211 135 709
500 520 750 936
964 775 777 787
493 345 552 963
968 1066 1081 842
898 1138 978 950
825 493 1036 963
726 929 741 759
958 1040 759 987
887 738 741 804
958 823 1007 842
945 868 985 842
789 855 786 1017
1025 1008 915 978
915 887 763 767
485 486 505 957
508 505 845 957
1114 735 1051 767
1114 1051 763 767
778 855 706 713
945 985 1040 842
900 968 1018 767
1018 968 1001 767
900 1018 1001 767
968 900 755 767
900 874 755 767
777 1066 923 743
777 1036 832 743
506 505 747 957
1051 915 763 767
923 1066 1102 957
735 688 1051 767
1051 688 915 767
746 1066 868 1081
741 767 804 1081
746 777 1066 1081
1000 746 777 743
336 299 352 1075
845 735 898 1067
485 486 957 978
968 1018 1001 1102
1081 767 842 987
767 1081 1102 898
915 887 767 898
372 328 1062 783
750 520 764 893
327 328 783 918
777 923 787 1022
688 915 767 898
493 539 1036 963
804 895 923 1022
777 746 1066 743
964 1014 831 1075
804 923 950 1022
1016 760 733 706
707 804 950 1017
804 923 898 950
519 1008 750 764
568 1025 688 1067
484 496 495 1138
923 1138 950 1022
283 284 345 947
728 787 786 1017
855 783 713 786
500 750 947 936
1008 898 978 950
895 804 1081 987
741 804 895 987
933 895 1081 987
868 933 1081 987
868 823 933 987
933 823 895 987
495 500 750 947
1012 822 869 1092
735 845 688 1067
484 485 496 978
506 509 505 957
980 553 957 743
508 845 747 957
980 506 747 957
855 783 786 1017
304 357 194 1054
539 540 1036 743
1138 750 950 963
898 1025 978 1067
485 505 553 957
747 735 1102 957
345 284 552 947
486 957 978 1067
895 787 1022 1017
735 767 1102 898
505 845 957 1067
923 485 1138 743
505 509 980 957
735 688 898 1067
804 895 1022 1017
825 1036 935 787
746 1000 1066 743
247 171 562 764
370 1062 947 963
336 266 267 1075
778 733 789 713
541 1000 832 743
485 496 1138 743
568 486 978 1067
845 898 957 1067
935 1036 777 787
895 777 923 787
540 541 1036 743
775 935 777 787
553 485 957 743
923 980 957 743
485 923 957 743
541 540 553 743
540 485 553 743
485 540 496 743
496 540 539 743
486 505 957 1067
688 1025 915 1067
915 1025 898 1067
688 915 898 1067
486 568 557 1067
486 557 505 1067
568 556 557 1067
775 825 935 787
562 247 764 893
1014 299 1075 1098
831 825 775 787
964 831 775 787
1138 1022 963 728
855 738 778 706
789 1014 1075 1098
947 750 815 936
983 1016 778 706
750 495 947 963
519 495 500 750
1025 501 707 764
887 1008 707 950
283 284 947 936
349 298 1142 713
855 783 706 713
1142 298 760 713
519 500 520 750
370 272 825 963
171 501 562 764
372 315 317 1062
372 370 276 1062
707 208 811 1047
315 372 328 1062
317 315 283 1062
317 345 370 1062
1062 728 786 1017
707 804 1017 994
484 1138 750 950
733 778 706 713
950 804 1022 1017
1138 1008 978 950
327 349 1142 783
496 495 1138 963
923 895 787 1022
855 783 1017 918
511 194 196 893
1062 947 963 728
804 855 895 1017
947 750 963 728
365 1142 997 1099
496 1138 743 1022
825 370 963 728
539 496 743 1022
1036 539 743 1022
750 950 963 728
493 272 345 963
495 573 552 963
573 493 552 963
496 573 495 963
539 493 573 963
496 539 573 963
345 272 370 963
267 266 831 1075
789 831 786 1075
349 1142 783 713
855 778 789 713
1144 997 706 1092
348 349 783 713
348 352 713 786
328 276 348 783
328 348 327 783
895 855 789 1017
997 706 1092 1099
709 1012 1092 1099
372 276 328 783
1092 706 1010 1099
348 349 327 783
1062 372 783 786
831 825 787 786
316 355 815 893
316 325 918 815
252 221 1012 748
290 325 918 1054
299 760 713 1098
352 349 348 713
298 349 352 713
783 1062 786 1017
299 298 352 713
825 370 728 786
266 352 713 1075
336 267 831 1075
276 266 348 786
265 266 276 786
266 352 348 786
370 265 276 786
997 1142 706 1099
1014 1031 1038 1098
703 1014 1038 1098
347 299 703 1098
295 347 703 1098
295 299 347 1098
1123 854 983 1092
983 1144 706 1092
822 854 869 1092
869 854 1123 1092
326 918 1099 1044
368 268 997 1044
230 143 144 1044
268 143 339 1044
854 1144 983 1092
1144 854 822 1092
1012 822 1092 1099
1142 783 706 1010
1142 327 783 1010
143 230 339 1044
221 1012 1099 1044
1012 144 1099 1044
887 709 804 1010
887 707 709 1010
339 230 290 748
285 355 566 936
365 326 1010 1099
918 316 815 1054
918 815 994 1054
1142 327 1010 1099
290 174 173 1054
357 173 248 1054
209 208 707 1047
368 997 715 1099
326 327 365 1010
1010 709 1099 748
706 1142 1010 1099
220 252 709 748
208 220 811 1047
174 290 748 1054
918 1010 1099 748
748 918 994 1054
326 918 1044 748
326 365 339 1044
337 268 365 1044
811 220 709 748
519 535 1008 764
284 500 947 936
536 1025 1008 764
325 316 918 1054
304 194 893 1054
1099 221 1044 748
918 1099 1044 748
339 326 1044 748
221 230 1044 748
230 339 1044 748
709 1012 1099 748
1012 221 1099 748
221 220 174 748
174 220 207 748
357 248 194 1054
221 252 220 748
230 221 174 748
326 339 290 748
290 918 748 1054
207 171 247 1047
171 208 209 1047
220 208 207 1047
707 1008 764 994
1017 918 815 994
1062 283 947 815
783 1062 1017 815
501 535 520 764
535 519 520 764
750 707 950 994
918 1010 748 994
815 893 994 1054
947 750 728 815
1062 947 728 815
750 950 728 815
728 950 1017 815
709 707 1047 994
748 709 1047 994
1047 707 764 994
315 325 316 815
283 315 316 815
285 284 283 936
562 520 511 893
520 566 511 893
316 283 815 936
1017 804 1010 994
520 500 566 936
887 707 1010 994
707 887 804 994
804 887 1010 994
284 285 500 936
355 285 283 936
