// ================================================================================
// CHRONO WORKBENCH - github.com/Concrete-Chrono-Development/chrono-preprocessor
//
// Copyright (c) 2023 
// All rights reserved. 
//
// Use of the code that generated this file is governed by a BSD-style license that
// can be found in the LICENSE file at the top level of the distribution and at
// github.com/Concrete-Chrono-Development/chrono-preprocessor/blob/main/LICENSE
//
// ================================================================================
// Tetrahedra Data File
// ================================================================================
//
// Data Structure:
// Node 1 Node 2 Node 3 Node 4
// Note: Node numbers are zero-indexed
//
// ================================================================================
189 185 186 324
30 181 31 337
278 299 334 331
185 187 188 324
216 34 43 44
260 252 317 333
292 13 14 6
190 97 324 186
52 4 179 61
268 236 198 225
24 26 330 315
338 324 339 317
309 223 206 222
89 188 338 324
298 281 299 334
169 141 304 178
68 87 339 317
38 9 12 323
51 52 175 18
3 22 26 330
298 301 291 314
244 245 326 322
276 10 307 327
138 162 135 332
163 130 131 321
51 17 18 130
49 30 330 337
144 172 312 177
235 234 319 326
274 291 288 325
11 12 327 321
323 327 321 314
119 70 264 127
181 183 184 330
48 279 15 313
77 76 72 328
215 318 336 331
236 199 198 225
47 302 13 14
20 21 37 321
90 105 96 324
6 14 286 9
41 165 142 327
234 174 267 173
141 107 128 178
211 201 212 320
279 280 292 318
132 52 175 51
45 239 25 330
293 73 74 294
141 107 170 128
284 113 80 311
85 101 86 332
79 78 295 303
280 281 297 334
117 70 137 333
181 29 30 31
87 254 68 339
162 161 159 314
24 40 315 337
34 33 31 193
253 255 260 339
280 318 334 323
230 50 57 58
105 100 316 317
36 40 35 315
101 85 328 332
320 189 336 324
61 266 4 234
237 200 320 338
134 138 135 332
277 281 280 334
72 120 71 293
111 88 110 262
185 95 96 94
145 161 321 314
308 153 171 327
298 297 334 323
251 238 239 330
35 315 337 318
172 276 171 312
107 75 170 128
91 68 104 317
215 211 210 336
249 119 127 269
92 139 325 328
35 40 32 315
115 227 96 94
179 62 271 174
4 52 179 51
145 142 143 321
164 156 159 314
322 320 329 339
20 27 19 131
276 273 308 327
313 222 223 279
7 6 286 9
147 174 173 267
89 111 270 122
303 79 112 113
101 85 92 328
271 61 62 179
295 283 284 316
244 54 2 266
17 5 21 326
54 244 2 0
232 147 173 267
210 213 192 336
61 271 62 53
55 307 8 56
4 53 54 266
285 286 287 323
159 162 314 325
245 0 3 1
62 179 61 52
61 234 4 179
179 234 4 132
212 187 189 324
132 52 51 179
4 51 179 132
188 217 265 338
3 39 326 315
36 38 12 315
165 144 142 327
15 47 14 318
36 35 38 315
164 145 321 314
246 259 257 322
250 259 319 322
258 243 338 339
163 150 319 335
175 51 18 130
115 231 89 188
305 75 325 120
28 27 41 142
240 236 330 320
236 199 330 320
183 199 184 330
242 243 254 338
158 157 154 288
214 337 320 336
166 249 180 269
147 146 232 173
300 327 323 314
121 289 128 310
175 51 130 326
137 166 263 180
26 22 24 330
174 132 173 234
179 234 174 271
244 245 0 326
54 244 0 326
35 33 16 318
244 54 266 326
237 240 258 339
61 271 234 179
45 261 23 46
144 10 63 327
51 17 130 326
334 298 323 314
316 314 329 317
199 183 225 330
54 53 2 266
191 284 331 316
115 231 188 114
243 258 255 339
188 202 217 338
301 294 328 316
5 4 0 326
12 36 315 321
20 17 21 326
301 293 325 328
17 4 5 326
318 334 323 329
61 266 234 53
39 5 0 326
137 176 117 333
15 302 47 318
132 130 133 326
326 3 315 322
33 43 15 318
114 89 231 122
298 300 287 323
226 183 181 330
54 4 266 326
244 2 0 1
61 271 53 234
238 240 330 322
291 290 288 325
233 250 319 333
265 241 217 203
36 21 315 321
87 91 338 317
335 250 322 339
194 44 60 228
198 268 225 224
245 3 251 1
142 144 143 327
204 209 208 282
248 250 247 333
245 244 0 1
68 254 253 339
29 226 30 49
329 335 339 317
251 23 1 22
3 251 1 22
261 23 251 22
261 45 23 22
237 200 236 320
194 43 44 216
31 33 32 337
50 226 29 49
77 72 74 328
247 152 151 167
241 237 258 338
33 193 43 318
247 152 167 333
25 226 50 49
188 115 324 89
218 265 217 203
10 144 165 327
76 101 92 328
33 32 337 318
76 92 75 328
279 222 318 194
214 211 196 336
200 199 236 320
92 106 75 325
183 224 225 272
239 46 261 45
205 277 318 331
196 182 337 318
29 226 181 30
57 58 46 272
81 100 103 316
235 259 246 322
47 302 14 318
226 181 30 337
216 34 193 43
46 25 45 272
230 57 224 272
57 230 58 272
230 25 58 272
239 45 25 272
224 239 268 225
272 225 183 239
183 239 25 272
183 224 272 230
230 183 25 272
30 31 32 337
226 25 50 183
239 46 45 272
309 205 277 318
301 298 296 334
39 21 326 315
81 98 100 316
276 285 275 327
21 20 326 321
283 295 296 316
117 134 82 83
163 145 161 321
214 196 182 337
212 211 320 336
131 27 142 321
20 17 130 19
27 11 327 321
40 30 32 337
181 184 214 337
130 163 326 321
242 110 338 262
83 69 70 333
181 214 182 337
276 308 171 327
26 330 315 322
193 33 337 318
115 188 324 227
247 233 152 333
283 296 334 316
163 131 145 321
78 81 103 316
199 201 184 320
208 306 220 219
59 60 313 48
328 314 317 332
330 184 337 320
250 319 335 322
313 222 194 223
252 264 118 333
22 45 25 330
279 222 223 309
320 237 338 339
153 273 156 314
86 104 69 317
91 105 324 317
60 228 44 59
257 250 260 339
157 168 141 325
105 100 97 324
277 280 318 334
295 284 80 316
34 33 193 43
183 25 50 230
43 194 44 15
103 100 102 316
111 242 110 270
30 25 49 330
206 309 205 277
76 77 101 328
27 28 19 142
307 7 8 285
195 196 215 318
334 336 331 316
204 207 209 331
205 215 207 331
273 274 156 314
210 215 336 331
140 157 141 325
13 302 292 14
194 60 15 313
33 31 193 337
228 223 59 313
60 228 59 313
194 228 60 313
206 309 222 205
255 258 257 339
10 144 63 165
214 196 337 336
222 279 318 309
15 194 313 279
27 10 41 327
301 298 334 314
220 306 282 284
100 98 97 316
216 194 43 318
299 281 278 334
281 298 297 334
12 7 327 323
281 277 278 334
7 55 10 327
161 145 164 314
163 319 326 321
213 190 192 316
182 196 193 318
236 268 239 330
43 194 15 318
181 226 330 337
226 49 330 337
220 311 219 284
302 48 47 13
15 302 48 47
302 15 48 279
319 163 335 321
157 288 168 325
17 18 130 19
139 170 106 325
189 212 320 336
17 20 130 321
297 280 334 323
247 250 233 333
38 16 14 323
312 172 64 177
307 7 55 8
128 75 141 289
248 252 260 333
14 292 6 286
38 315 318 323
236 199 225 330
6 7 286 285
7 6 8 285
7 286 285 323
165 28 41 142
200 237 241 338
42 144 165 63
116 137 117 180
16 38 318 323
42 64 177 63
280 292 318 323
36 12 37 321
56 276 10 307
153 155 308 171
74 78 103 316
276 56 10 312
10 42 41 165
223 194 313 228
286 7 9 323
56 312 64 63
64 312 177 63
66 68 253 317
10 312 327 276
163 335 321 314
242 218 231 270
56 10 55 307
312 56 10 63
27 19 131 142
293 72 325 328
312 177 63 327
86 101 328 332
28 42 165 41
275 300 327 323
102 86 328 317
264 70 333 249
162 314 325 332
335 315 321 314
130 20 19 131
38 12 315 323
12 7 11 327
302 292 14 318
164 143 327 321
192 191 331 316
292 14 318 323
9 7 12 323
292 297 286 323
72 120 293 325
32 35 315 337
304 288 289 325
16 33 15 318
155 273 153 308
139 140 141 325
14 292 286 323
213 186 316 324
46 25 272 58
7 285 327 323
287 300 275 323
155 172 308 171
38 14 9 323
337 196 318 336
297 298 287 323
273 153 274 154
315 320 336 329
273 155 153 154
305 289 293 325
239 268 225 330
245 246 256 322
239 183 25 330
14 16 318 323
27 20 37 321
280 297 292 323
143 144 153 327
81 78 80 316
285 275 327 323
157 140 159 325
132 175 130 326
234 244 266 326
153 144 171 327
194 195 205 318
144 172 171 312
172 276 308 171
312 144 276 171
327 164 321 314
161 164 159 314
327 12 323 321
37 12 11 321
277 205 204 331
21 36 37 321
285 287 275 323
196 215 318 336
77 74 103 328
27 37 11 321
128 107 129 178
3 245 330 322
191 209 192 331
243 254 338 339
201 211 214 320
309 222 205 318
284 209 191 331
315 323 314 329
274 157 154 156
258 240 257 339
299 278 282 331
157 274 154 288
286 297 287 323
92 139 106 325
153 273 274 156
3 251 22 330
274 156 314 325
211 214 320 336
335 322 329 339
75 305 325 289
153 274 154 156
93 139 170 106
140 162 159 325
14 286 9 323
27 41 142 327
243 242 241 338
158 157 288 168
304 158 288 168
85 86 83 332
97 190 324 98
199 200 201 320
290 301 293 325
86 102 104 317
241 202 217 203
288 290 289 325
302 279 292 318
161 160 335 314
196 211 215 336
334 318 336 329
167 137 263 333
75 141 289 325
109 108 99 221
144 276 171 327
39 26 36 315
195 194 193 318
273 153 308 327
25 226 49 330
199 184 330 320
293 301 294 328
190 95 97 186
144 63 177 327
263 247 151 167
84 134 135 332
304 158 168 169
74 295 73 78
21 326 315 321
129 128 178 310
141 304 178 289
7 307 55 327
134 117 82 176
93 92 139 106
75 170 325 106
317 335 333 332
139 84 135 332
132 133 319 326
107 75 106 170
169 141 168 304
76 75 72 328
170 128 75 141
160 138 136 333
77 103 102 328
170 93 106 107
75 92 325 328
121 120 305 71
204 209 282 331
289 169 304 178
174 132 234 179
178 129 310 169
17 51 4 326
78 79 295 73
74 72 294 328
71 72 293 73
129 128 310 121
120 305 71 293
323 334 314 329
141 304 325 168
263 247 167 333
66 253 252 317
149 160 152 333
128 178 310 289
128 141 178 289
295 74 73 294
248 247 249 333
101 102 86 328
128 305 75 289
69 317 333 332
130 20 131 321
160 319 335 333
61 266 53 4
295 294 296 316
128 305 289 121
75 305 121 120
104 66 69 317
257 240 322 339
72 293 294 328
318 277 334 331
162 140 139 332
311 191 219 229
72 293 74 294
304 141 325 289
134 117 176 333
72 293 73 74
79 78 303 112
185 227 96 324
219 125 311 229
208 209 220 282
103 102 328 316
145 143 164 321
209 220 284 191
205 206 277 204
313 222 279 194
306 208 220 282
299 283 296 334
296 301 334 316
298 299 296 334
254 87 338 339
131 142 145 321
20 17 326 321
109 191 221 190
229 80 108 124
301 290 291 325
311 229 124 80
42 144 63 177
311 113 80 124
336 192 331 316
283 334 331 316
314 301 325 316
224 239 225 272
219 284 306 220
142 27 327 321
184 181 330 337
125 311 229 124
113 80 112 303
125 311 124 113
113 284 80 303
185 95 186 324
209 220 282 284
295 74 294 316
220 311 284 191
191 109 98 190
284 283 331 316
95 185 96 324
229 125 124 108
108 80 191 109
335 315 314 329
78 303 112 80
78 295 303 80
303 295 284 80
108 191 221 109
220 311 191 219
191 311 284 80
80 229 108 191
312 10 327 63
119 70 118 264
99 95 98 190
261 251 239 330
22 25 24 330
80 191 109 98
263 137 249 333
96 115 89 324
33 35 32 318
190 191 192 316
215 205 318 331
99 109 221 190
109 99 98 190
163 150 335 314
307 7 285 327
153 164 327 314
314 325 328 316
12 315 323 321
16 15 14 318
152 160 136 333
90 91 105 324
150 161 335 314
160 138 335 314
100 102 316 317
334 301 314 316
90 89 338 324
95 98 190 97
136 134 137 333
186 190 316 324
175 132 51 326
207 215 210 331
289 290 293 325
318 315 336 329
279 309 277 318
282 209 284 331
78 295 80 316
10 55 307 327
273 276 275 327
213 211 189 336
241 265 217 338
204 205 207 331
294 74 328 316
251 261 22 330
89 188 242 338
266 4 234 326
227 185 188 324
270 89 242 110
136 138 134 332
139 92 84 332
146 147 232 148
164 143 153 327
35 16 38 318
339 260 317 333
212 320 338 324
105 97 96 324
111 242 262 110
98 191 190 316
100 105 102 317
299 283 334 331
213 189 186 324
251 256 238 330
122 89 231 270
227 185 96 94
245 3 326 322
254 255 253 339
227 115 96 324
329 320 324 339
152 233 319 333
320 338 324 339
209 207 210 331
335 326 315 322
192 210 336 331
44 15 194 60
89 231 270 242
123 122 231 270
98 97 316 324
231 123 270 218
123 111 122 270
115 188 227 114
231 89 188 242
115 231 114 89
102 91 104 317
122 123 231 114
115 227 94 114
86 69 83 332
15 48 313 60
100 105 316 324
202 241 197 203
95 97 186 324
188 231 242 265
242 218 265 231
336 316 329 324
218 188 217 265
187 185 189 324
68 66 104 317
31 182 193 337
189 213 336 324
241 200 202 197
237 200 241 197
199 200 236 197
199 236 198 197
200 237 236 197
251 245 256 330
30 24 330 337
3 245 251 330
89 111 110 270
102 328 316 317
319 235 326 322
316 329 324 317
26 3 330 322
240 256 257 322
17 130 326 321
235 246 244 322
218 188 265 231
335 339 317 333
68 66 253 252
188 187 338 324
67 66 252 118
160 161 138 314
137 166 167 263
252 253 260 317
67 252 264 118
88 254 87 262
88 87 110 262
110 242 338 89
91 90 338 324
328 314 316 317
161 162 138 314
92 93 139 84
249 70 180 127
194 216 193 318
39 3 26 315
66 65 67 252
254 88 87 65
254 87 68 65
31 181 182 337
68 254 65 253
336 213 316 324
320 336 329 324
66 68 65 252
65 68 253 252
84 85 83 332
134 84 83 332
314 335 329 317
92 139 328 332
87 110 262 338
133 163 319 326
85 92 328 332
117 134 83 333
32 35 337 318
151 263 167 166
116 126 180 127
15 279 302 318
212 200 202 338
21 5 39 326
234 235 244 326
209 210 192 331
161 163 321 314
250 248 260 333
150 163 161 314
315 323 321 314
240 320 322 339
91 87 68 317
291 274 314 325
325 301 328 316
188 187 202 338
273 300 274 314
196 195 193 318
138 136 333 332
254 87 262 338
300 273 275 327
257 259 250 322
182 193 337 318
250 260 339 333
319 250 335 333
39 0 3 326
255 257 260 339
238 236 239 330
183 226 25 330
80 191 98 316
15 194 279 318
187 212 202 338
0 245 3 326
149 233 152 148
234 132 319 326
25 50 230 58
156 159 314 325
234 4 132 326
4 51 132 326
233 247 152 148
152 247 151 148
72 75 325 328
314 138 333 332
139 325 328 332
166 126 269 180
261 239 45 330
300 291 274 314
256 246 257 322
130 163 133 326
298 300 323 314
4 54 0 326
250 257 322 339
315 330 337 320
261 45 22 330
301 291 314 325
83 69 333 332
10 42 165 63
269 249 180 127
318 334 336 331
137 70 249 333
66 252 118 333
138 335 314 333
335 250 339 333
134 84 82 83
66 69 317 333
335 314 333 332
138 160 335 333
117 82 176 116
134 83 333 332
136 134 333 332
70 264 333 118
162 138 314 332
314 335 317 332
289 169 178 310
41 10 165 327
264 67 118 119
191 311 80 229
69 86 317 332
86 328 317 332
166 249 263 180
74 103 328 316
126 119 269 127
91 90 87 338
157 274 288 325
243 255 254 339
126 269 180 127
128 305 121 75
70 137 249 180
288 304 168 325
116 137 176 117
137 263 249 180
264 70 249 127
249 119 264 127
180 117 70 137
70 116 117 180
70 116 180 127
235 244 326 322
284 191 80 316
320 315 322 329
190 213 186 316
243 241 258 338
259 235 319 322
101 77 102 328
334 336 316 329
315 330 320 322
200 241 202 338
150 160 319 335
143 142 327 321
337 315 320 336
260 253 339 317
238 256 240 322
233 149 152 319
238 240 236 330
139 140 325 332
315 335 322 329
40 26 24 315
325 314 328 332
97 95 96 324
279 277 280 318
330 24 315 337
232 146 148 319
149 233 148 319
132 173 234 319
146 232 173 319
173 232 267 319
267 234 173 319
211 213 210 336
338 91 324 317
222 194 205 318
21 39 36 315
10 27 11 327
300 298 291 314
278 277 204 331
40 32 315 337
163 150 133 319
268 236 225 330
150 160 149 319
7 10 11 327
319 326 335 322
190 98 316 324
200 212 320 338
146 150 149 319
250 259 233 319
235 232 259 319
133 150 146 319
278 204 282 331
240 237 320 339
170 139 141 325
326 319 335 321
164 153 156 314
326 335 315 321
225 183 239 330
140 162 325 332
193 216 43 318
160 149 319 333
259 232 233 319
234 232 235 319
132 133 146 319
25 30 24 330
81 80 98 316
273 153 327 314
92 85 84 332
146 149 148 319
233 232 148 319
232 234 267 319
195 215 205 318
132 146 173 319
226 30 49 337
295 78 74 316
256 238 330 322
277 278 334 331
315 337 318 336
35 38 315 318
162 139 135 332
283 299 282 331
152 136 137 333
202 241 217 338
213 192 336 316
184 201 214 320
184 214 337 320
246 245 244 322
187 212 338 324
160 150 161 335
312 144 177 327
315 318 323 329
156 157 159 325
307 285 276 327
144 312 276 327
105 91 102 317
283 282 284 331
253 68 339 317
30 40 24 337
294 301 296 316
90 96 89 324
314 334 316 329
252 66 317 333
212 189 320 324
87 338 339 317
240 237 236 320
105 316 324 317
26 40 36 315
274 157 156 325
300 273 327 314
211 212 189 336
120 305 293 325
170 75 325 141
20 27 131 321
201 200 212 320
3 26 315 322
324 329 339 317
97 100 316 324
242 188 265 338
149 152 319 333
72 75 120 325
330 240 320 322
245 256 330 322
90 89 87 338
242 265 241 338
242 254 262 338
237 258 338 339
87 89 110 338
69 66 70 333
252 248 249 333
167 152 137 333
247 263 249 333
117 83 70 333
66 118 70 333
264 252 249 333
134 176 137 333
